$ANSIBLE_VAULT;1.1;AES256
37306430343737323831633162313034623738633930326537306262306239653562383764333433
3834643033356632306162653130316362306462643335300a616434356232363761353762646533
63356666303161313338626234336464396336656663316631333831343239353961346230663530
6366663136656436390a383861376434373365306638306563326234336435366637396538626235
62376464326161366631323531343936643532336664333361376136326565353466623635396337
62353063623066613132646633663030613830316338333639303862663938393061333265373362
62323632363532613239616439663063623263323437333337303835636237643937353461643339
30313734383263316566313662613064656137383763333665316662653764316665346538646661
33656434356338646134306534616335363539393231353065653365353433333463663938333563
32616463376365623463623365663565626165626137383835333265376535303536653966333566
35373664616235363030366435373938376464336333333038666563386238623362303735376534
32666233376463383166366233353463353930623733626363373030633631373231343632616335
31366235313661343166373337303631353639336138643739336439353636653135383563363362
63353933643331356630633439666532383630663563346265633863626536306236353230613039
66666663623164313936363135343835326233323963306132396463383131613036366135356165
62613234653837333264306665353133363133343832636166323663353562346437343265666664
37323837363066396431326535393661616134613037376133623539383833363635643937353532
39343037373961376561613032653131343164653033323335323865386663343132656536306636
36613864383432373831656566393964653934343262643162623066373735343165613161626631
37633634316232373830643738346630633339653661326230393533343637376163373937626330
32363463373732666536363634373336356331376339643730363331633633316435646236356365
39626630383033373439366462623233303762356361366431326365303564356335386362333638
63353562323564336339663231663964636237663562363536333063303864323261666264636566
62616137666565373232343935323636316431303935346239343566656164306439666134663237
39623033623233313566346264623263386236323735363663663033356163356239313461323930
36613566333663653336373230306631653034363065313866636530636437623266643035333164
37376237383335636364323066306136383561636464646665323031633133393461396336666661
34346532346437396133353135633538613963373536303936333332666235323162666135666433
35653365326432643765363961326437386534313536646537333131326230643336363733376264
39393437306437323633363532316537323634613361353064343737353034613661643034313336
31356466363463376136323430613961366630636362633138303863323863303434393937303337
32616336343633353966396264613233316437356631643134313431353735346234353236633164
66633836306165653362623433336364333838393634376537323266613933396237316339306537
37333366653262313266333939633261373962363963636661333039323839376165323239626361
36653538373162333933326330626662336265663431303961313064333635373834393930373137
30663230376332616436326665363433373539613466316430646539383630393536343164616638
65383066306563343639356538653338643532643831623563373261363364373538316563366432
31613763306237343162653632356630353335646261626330663838393438343465383734656466
65356431363435303439373765616434353732373265373039643133663431633039656430366465
32313261333161656664333463303164313861353535643033643333363666643033383031633937
32306230643134333665643132646563316663393635376464333164393965643930666636326131
34643434633638636430303030356435373866323937636533363764346335373232396265656537
61316135353935366238303731303039623561336165373737653132396638303838313161303763
32353638366330666666613264333063306363323864316366333531373264623365393036633063
63663133633037316633643163383365316439303837663133336664613038663664623436313435
39306665623964613766656435313434366363393266343235323836393037316461623133666536
32613861303733663965373563366465633039363935373935636562396439303239333563653536
30633766343133633765653966306632343366653735353361323161393362613631306463366466
61333464323237323536333838663430333063636661643366643066316636393830393639393161
66616463366233373038376639353232313133663261343131313430323431333438636635653866
34653833623731316133616239366461386162626139376634396232393464643362663964393163
33353232373864623831653635313134626630613061356631336530323866353235326132333135
35323636393931366263386638636461376666306635633961333432663335656566336135333834
34653631333037393333633564626635356232646236366438346364313761373565323333396263
65396366316262626262306365303465346364396132633030636666616534393866333735316164
63386136363939353962373135613763323931393836313533393033313735663939343135363835
30656361383566303265663164383839366237343334383866626634343765376137373030336163
39346130363733373031353262353638363637343761313539646437376535366530373534623532
65623333663164333434636536396330333662366166636639343232646538316136613233303430
64616163653737323134356365356435623436316263343763663535303238323833336465663566
63643531366536663962303538343632316535653436646664303131633238613734623337313834
34343137343661333031626436333233626665343861633432343135393435356634653035323137
32336434306262356534633139353234346631353362653733316665666165333162366562663863
30343565386463343634646430616633363532336237393035626533633631303639393938316536
64316661626334393337373663643431613239376139643133316665616433303830666130383838
39333033376439663932353266323832633533313738376439663838653136663264346231623461
33633739333032666263666562623832306161653062663134393638663436346330343934656537
34373937613235396565
