$ANSIBLE_VAULT;1.1;AES256
66616237303765656135316431323061326166363732306233343639316537356239666538626638
3065346666313362343164343161653866396235396433370a646264616332613364373665346436
35633936376633303835613739366461313365343363643835653339633235656430303132356133
6564383965363237390a323039333030616266623335333936303762633632646434653434643830
62393761393866646137313537636162666633366338653134656239643866363736343163303839
39333261663065643362663731616564316235373861353535643062386163393964613165306633
35303563393863373839303864316465373639396465383234353834383935386135336663366238
30306138663963313761626638326631386631626465343738646439366364643037396334623334
34323937323764633238366562666239376437626132386335623561323865666234613734356266
61663436663737316538626432663561613931623131336239663963646132316439393561353862
64386434386665643534613565386535396530396133613833633230326239663133663138643561
65393465666631653665343862313537393135303934323335656133653337623834643535653662
36616361643436323134366137373866393836653134336139643336633830336135303432373361
35663936336334613136356532363664613335613237633732393236373964636536666361656336
34313766316334306438656633666238326162663235626539373266326132616233383031313561
30306435613039383766646538636564353663383634343738616533383834613438306135353565
30303338636431383936663938393766616536633262356235343137333437383164373361356236
31653163353637373730366434353263303130636332663631383033633436396434326638646539
37313531326231646632386661323230303032326662623834656530633037386135393136353530
36353266626332323137653166323764363631643065666135343264616532636364383535623163
65373334623733333764343465333561616261643434633466653234626434333033653165323037
38626238396138383265363965343662646561663438393835363666366665653364336436636536
36333337613065646164666637363063356135376431613661386131613930636137333830363562
33386334306232626239303139643036313239633063373335363034363561633031616337623862
65393138636635623639383063616164363038323532376261636437343138373537333365353861
36333862323635356534393763613261396661636235646630393234663635393564393163333662
32313266323730333836386438633761646663363736656535376661373166626539383566643931
65623331653161613334383433323564646264303666376465633339666265383436363162346537
61653433313366346561353665353831623266383736353465323365356234393637323533366534
32393664393865643132336166343534313330333839643565376462623230623730373031663731
36643630336664626565356433643934376234343136646133666239303233613936363636616232
36363061353262656638663963323565326230643363333038356436633362303930623366306561
31313065386438316236643431616236373236303239313436666463633535363261376332393238
34616337396431636138356461663931613661656333616530656431616635313233306532616165
61343766313130343365313835386235303963323064366436663633383333636532643632353862
66656538383433316336646466376533366636333462323030663235346231633236326435383365
62303537323862333831636335653539336361393031316237356633333335323433393264373266
38663333356366623563636135323031323762356533333931633635363531666363333536633739
32333165313064393734656639633538646161393439633233633934313631663465636336636539
63303862303266343431653661373936343730306438396465393138343330653063386433616137
31343432613764333062343561316366376664346362643234373031343132636633383739323336
61663139356364306663363161313134316331313135333763636133666531353230346338326164
33303033666337636264626565663539336335306163376332353839353731316132333730366562
62626331383335666161303134323635333466663139393435626432366163336435363739383632
66303764643831363738666132316335376439303639346331663761393836353963316336656534
66383830353961643636303266336461326134633438326436323231343663633834353965623833
32353937623230643633316662383133316432393937356534643536396331613265663865636466
35326562333630363462323531326130336233346432336564633963633433643631336235613231
39633964636136353234313734393238396339383661393766643635356366343237323236323664
38316534313433313666353235373434373666333365353061366661663935313764643761613263
62376664346532373564616661643864646263353631653866646363323864613731613630623538
66376466636439373434306334313163306463363063313239663164383264393430613963613835
64646633343663656238653034363438626436643266633364333966656638373438623830366365
34643435346366303530373864386632643264383138323664346537636530623436396337306266
32323037363234363139343366343339303865343130323264653566616163313835396365666439
61363966366532393863343439343564656332316631303861653033353465663737653936346638
33663466393264393562623161343532306566313361326334326162626261326561663862323937
34303162366132326266326434663131386265633265356137363033636133343834366432363132
65386538303739633263303737346162323736613136306664306363343131613833613339303937
39623563613131646661353439303539393866353462613231306162316663376237313030383439
35393131666261356662666339643831346230623966663335616465363333313434373733333764
66376663333237333837303336613334663232343833396361386563633131373466363239636462
61636338343535623130623834373065333133373632373836343935366462386335633761326366
37366431303535393162653563393866306566373063306530353965323138363163363261306336
31303762623435646263373838303339326463663036303766346539396363366161633335346334
39343265386565343264646130356139373736303035353166396133383339636230323331663766
38633863623066636563613964326165306238323765336562613866353338343436363063613265
35633637333961613334393562346664396438613334643466666234653233393438643235343131
30393564353635393866616238656137333431643661353034356361653839623036306262326230
62306332306562323833623233393133663139623232383938636438316365316338366638623038
62336634623965303739616130326666303536363835373636613938633965356163623164333130
30363866323435653336313666643766643235393135356435653866323565656263343634653132
30303438616536663366393761333637646539356330386566343436323735633330313536646437
31353231346334306663616565333065343432666463353539383731303138653563353939386263
39393439323031343736353434366135393162363866363966303338316336633835326330313361
61303535366231366633663065643866313461393534353239333863303666623763383533333965
37383763326365323335363534643965383839633663323239613333303634663762343063643963
39376436343231643635626535653134633532663765316363666536616631613234303664633062
37373733323064343138363633333736356666623563353639356136343264396139393532353335
35613562666535323635383235626435333433333731303830303035373862336433316534653137
35323362613165646138366435633065393638313162313338333766383338626531343666333332
64393333306161663735363530343363616431616330376631626231633265373036363837666530
62363736326632663734323263323065323434643761643161376563326636383766346535653463
65303166383536656433373866366235613263353765353032623137623835306431323762346364
30343661353866666539393430336238393534323932316465323566626134313561396261373934
32643839313765326334646663316664393530353530313434653937366663396666393239623966
63376564336261626431326635386637386632303430623763336462396236336130363365353032
33666664663465343762346562323666613263356261393366366232323537636465316362633862
61383736393431306534653761363238333061326134326431663562323065346138396237346232
37636138383032373830656434663130623166613465373030663038346435326562623133616339
35643734653161663139383332386538653738313364353133626431386533353363643266313865
65613333643164643537313264656636316434666437316330303238343064356662663936303861
32653432636531313563303030633330383437613562613434616166376262633531353834363333
30663039316565613861353134653033336362653563623561663833663633363261613031306265
64316465386262346333643764316230626461313336303932336336666230633931613664633866
65316138313863666635333861353461336333333236663430313931313633646131396166363432
37393238643561653865643163656434646532373137656161353931326130303235353664333266
35626433623438643261663336333630366466353635393138323137323962356461353430353863
33643661323162353235336562346263643363393334303039353132343239386434343565383238
39376434323265383566653965616338356666393734623431303639303338353463326462613961
33646565343136396632343863373830363937346438666133383330316335323166343331613630
64326336313065333363393862303063666638353737323737343635643165663032386539303763
65313830356262333035363635656433383261633964663038376365356436373231316235376531
37643436623738363334653264386262646434316162386461663863313565643536613736393633
66313739316565623930653233333363363536363264396634303862373532653966303465373936
32363364333939383538623734393363393564393131373962643435623162626432343839613561
31633865396163636563313634313033393036353361323539616263613338333639343132343139
30643131356366653830396634646334643839653664663234663238356339646139386237386462
63346233616434366538633331373263643461346332303937336233613437383036313830376661
35373463303965383231626433373730616164356262343332373532646132643136323339363437
61663631653631623536336337646132343431653166666561663166666436613766323731323361
61653539393834356136323237393638663465306236393737383630616632613137636436323836
32666466643036333163306435653033343330346638393466633765643833343664373234613137
36613062343431306239316666376464343564633966616237323930623434363534353765623963
35373639626537353862313266373535306435663630326134623534326134613533383237373664
62313538383262313839383930353337366161643238303833643564303365636234616666393034
61326232366138313633643034343135646135613165373330376361626563303438663239646432
36353633346537373137366566623362613533376237663431353232373039653436616332386564
30346533383636343636633736376236326438393630616331343861666131393931336139306438
32303866366430376164356532643833626464303235366664306235323938626234616631396539
61326464333961396131313237653239383639653362653730616335363439653231366562396436
31363031623663373966303235343463346131643234613265376531636534633934623231323139
34636331346636363733306361636336653731356461316366396438393132326139323736373038
32326561363135303737363936373630316661623462353662326137636333613566303239343935
64396137613135353361633365366663633661373535386135616139666464313866363163663337
61626165326535376365393362346563333236373661356630623534616537613536366265383130
35623534336535393163366636656639643837616636353335363164343632313263633566356538
61366137376433663363343239336237303365326130646239643932313065353735663631616361
65626662646232313131336432373765373836356565643166666436363666303731393663313961
30366537376235623232363739653537653933313234323564313832653938623131666361313862
66333732363330623463316136663636366136646563316362373465376136363361666136316262
32663364333964326364666465383834663966663439613864356439636538396437333638653363
36353637393933316166366231373166373561346238396265663462366138613664653136633837
64346635613862663934303132666361613365363137323535343933336461643362616537633733
34396137656636353336663662626232653936373465363234373635613531316536346433353837
61313161396364393131313737383630393466613331313463373664623432653734336331663037
30306136333261623033623036343031656234393438613930626661313335376665636664613332
66313662393830626163336330306564353137353961643835656135616530323536663835336331
66396332626136363734656436393161313534386333333834316363353231653666666634633637
63343435393233333935316637313861636633656134326438643530613863663333646231303161
37663164323939666463306266363437313436633532376230396665353733376261393039653531
32666461373438386462653862316166613965353330376165333864636166346235616161333335
37343430303665656630643530626561326533356130363765653765373832356465396266323932
65316538306364306162633164666163333562343039663432366338376361663937666633656165
33663064373530346332383831356363613736363465303934316261373166666631633230383763
62653537613033396464626234646633633466346130653736383036373037313534633736633739
33356238623661353264373138393262313763623861313230643139643533313232656636323833
38643739653937346435356439653233363363333263623864306333656563353336336331303339
38316561363130376235653638613363613033353134393365623064643439623439653730653461
32613665363735613934323562663738646634343063663036346236626663616334323737663364
32653932613036306335323963616431373734323235643635343464356439656638306363313832
37383133346135646536333537326539666465353734636631656261666134633362306535306366
33646238663435303936306662356361373331383237313435353139356434393535313164613239
61393532303435663533313437353764663562363431336365646466623337326338363065383639
35386264333536396531316639613137633134613734626361363131346334653564616466346333
63373835353363303662313566323064636664323135653636663862303535363831386666343532
66653066363037616334373235393833633765636135396435396665666533356639356234393263
61653935626463363936333036626637383965626139663435313766313636326535333462666236
39343336663132383239393661323838643739643066303038643339623564653631643363633038
35343434666434306561633732303163313466653237303833353031666131643830643437633137
36303135346236636530313535666339373136373639623361326363633864356366633934306235
39393839323738613164363036303935376562643539633662346132653435346238613135373235
33393338353038396161356532666562623833623761303939326330356535643966316561363761
65386336343739336337346132646661663234643663366664343138303762393939393133386464
38656565373832313563643534356638346636633939343832323863376333643165396363363036
65663636656131316466656636316634326433646365363335643031653861336566623636643736
39346665383935383164366637646338363533616165653961646236323836666330316462343433
65373361316330636233653361373839643430303430663933303734373664333133306536373933
64663339353136383631326264366530303336623766613932626665663764613361383438383763
35663537336333303537336664326635333030353634663834616566383233343234613330353439
31336336656639343338643761396235393762623362353734313435333364323263366532363562
33306665343462306461373734326333323766393832633233393830373761336163396463383438
66356234613765333136316136353064373938666434343139306630383939336336303039623362
64643463643035646633303730646439346161386634336434333936313934346134666532393162
61653634313264373362623761633033333037313233636234343135353163306536303934666665
61633231396335353832303932343231613666343539663935626535613032623261643734373966
39373932316335633431353766653039653461383664373836316562646262623163353039633039
37636630303832326466613732333165613662633434303537656262363864393130616634346630
35376634353061323962653663383933323636366130656561326662303538373837356332636261
33366333373664326237663034323231353166303731303861313732326664326362613432316637
62646333656232656136326439363163326130373764353330313237663134383663313866646164
63373266333832306630333530316237393337316635303566353933333663303630366637306137
34303136623938653433653737306166313162353336366263383938343139633239653231616665
39366461323233303164366361363865316361386363653037616435653436363039623830323932
32653965363265313135363965633539363161623965333030613135383736306231356465343830
64656666316633653333336635313662303435333530303661363431343461656533383439643264
65326238666365376331666234646236343161363265393335323330383061356634373766616131
39366566336165306535663239323835316533373938343339643463653431343634643834373861
34636634643539656165616139613730653431383965666263386565303237323239666661666139
39326238643939663234326134646334643164656532393731363535636465336436636631636538
38653636313130363663326139393265333539393037653133363534393930643637303234376637
66623536313238643862313062323765313162643764653965393831306235663734653864623533
39346134373232313463323037663635376665353236613837623263383739656336333131653932
66646366343163333231303863626239613436376536636165336437613062366366303061393532
38663438326138396463356564633364326163643263653235666232323037373039396335383637
31366636333032373737326565313362323166383066343137343266336535646566363265616437
63383763623136393231373962396630376464666131383965386537373533633238326635383464
61376630633634376364323261336630356432313164376365643836306639363835323263326139
32326230386135613264303933323961393130313661393234396264346537376331636638383031
65366261386666656134376330633666336230343663363161383133656638333863356131356234
37346339366432626235333230663734376565663832396166336539343866656134323838303564
30613663313334643531653166643139393935356535666637323638316231386266346130326462
64626366363661333232393635656466653163353430663766636130653332333831663836653437
63323065633233393533326533343636366338336535363864646431643963313434623830313237
32666134653332616435373533626335646562346538333435633134613334383366346631333566
61323363373834656565343063616437633537326564666535326266343162316663663233396133
66386236393034303862343231396537356637393334623161643563323463363634363335383837
39396433653832376236373536336461306332393866393033336237323831643033623937323034
64663233383265303536333335383064663964643934363161376231353033393831343236316537
64373937363333626664633938636337303136333637303562373639396266633033376432323663
31636261353436653838633637663963333363626338353261636632616264323138653837336638
38656134653632653334626564306531306161353633316139633163356166383734366330356335
66616234366563613338646137353961663565323633636566313366373230633265373336313737
65306463643338383766653839613138666638656461623165653237386437376533376635356365
62396630623863313461633935663931343839613366366331386233343730333365663435313130
36623561333535613038333230643231333562353233366561346535626264343533396637396535
33363137336630623235633037333363623861633566646564323661323737326435316166373332
61616136333730636538366134616139346635396537326432663538343737373361623436343635
37366561343238626435363461633965663064653964653166623833666662663533353438613930
37386334333338626561383733623561383732623832333166616630626137303632613764653037
65363339663138623838363231376634653938323230363332366566336564303931356331393866
32326161366632613231373235376638616130633236393162613735356131393230323330383738
64353863643035316563396665366430386138323832666533326331636162373338323132663135
31643031613565316630363664653463666132303630366462366639633665303435633438363362
31303631353434333965616365313535643432666562643933323436373836333634313165663736
36356563316637326135353532623564366132323537636362346536663762363033666630343030
35303964343362373863386336616365343865363337623737363865643639363735346237653830
61303934373066643466643833386537326132386335666562613635396339633037313135363030
33623765303332316530346466346437373735636565306566323264656632306132303636623065
34373434393761313161393434353735303361343962386436343138663537386131336434373365
36663134323731313938313261633136666538663163646261303936653363626639333533303763
32363339383035396565666265366565386662396337663561366264343135623633656634363961
30633732376530356235626432313435326436633831366436313030346665326334633364386661
62363065346131613636333765383332666434366466633666353264396263316538386566303337
62643131646663383530633733383739373330323265653431616161303032336339396638303930
64396161336237363162663331363033393337313766353932353132656335653131613766643133
37393534653938303038323261326563303935663130336166346436613239356631303731383832
61346332666131366130313430373534373161363738636138643739613537636333333837646632
66396135383562356261333331343165353466666364363631646532663333306162373064663337
30656465376334653162616466646261626438653935393131393434376635353235373938386439
65313162383166313735346533353137366162326261616433396362376531303862376238383437
32663835373661393332376333643234383063623264613333623531613761343237323961323962
32363562373632616137353765616633616236653431656535663831373966656538383438366137
31636132363538636437383936306365643234326363356635383465303833383438316264306337
39356531363937306361666466313564363362613666383939353037663331363562366238633138
36616639636565646533343130643138323936303238346331383861353366663465343739373534
61373538616239326135623165393438386435366131393436343362653239623365356438623336
36353036663063613431316466396462653566343630623438333663656239626562313735353663
62346136363230333835633835303232323337623433626361323763663738363865336461363566
39663065613037333932643631623031656363626463633363663762303336333331653866643538
61623237333933616432346638633063363031363637663961303038343331363935386537653865
65613263323666643366646435643664623935643635626433373439646663633532393538383034
35356330383561366264326565623239343835646233613762306666333230346130383661396131
33643539376330646430353430313930306130383361363432306632396463646534376334636364
37336234363263666238346165623965306661393634623464336430386666666330383338383265
38313836346630313136326163313765363266383938303838613333363535623736336437663364
37353039393266353762323237333236323233376636336365616134613865646330613335636161
37373865363161333264386564323366316431643664353636393565666536383934353536316465
66336430623966613636313838356462613266653862366234663762653937373065613334313336
36303335643865656564353133373864626632373039656665343234636135666663653830373439
61633738623563373861613161393665636565366462636161646431323733343735303365376132
66313436383133646235646661653764643537656263653238376663653630376330643061336532
61663532323163336466326335383531613565376365313730353864316437306132663131653235
64626433383234303266396465653337306139323637666133643362383932333862303066633164
34656537323139363935663639616434363435356363323338613862626334306466313837386662
34303864663565353964336332353766303562383633633538333932616631313366313834383565
31326237323461623030316366353162303333396566383231613965636637623363383936326435
62393430326332383365303364623938346434656435663832616563343436323633383339646363
63323764356161363030303832653966616363313763353438376439633932366365386461326234
61366266666564663862396133313537613136653135656538353434653933613638313862376331
32326233646366643634613735363633366539373865646232336536343564376337653332343430
35393234666231346265373030313666343634306535323363393830383961323666313761353866
34386562333061653935306264653036353164336132643936313132643936383566646166653831
35393834616566363963306261623634383234616462303237626266616431366164633738306530
33383963303530316461383566643330326465386361386531346562346438376634666138666136
61346135393330386532353332393962383565343737306233313731333466643431663639613435
64346431363331356535383834346333666133386638663036303961666334363630353262663434
32383962636563303031323762333633393264653531353038333631646134656539383464623534
64626236326237613734366632353766326465623238613261313739343135303263353930326335
36386137353830613131666563663832623763313834353132343663656239323763396235353030
37316161663331633061333335373231346630313730313232346162336461313861653032633264
32663734383538313265346665653665333262383564356238313866663834653932653231656639
37613833336364663533366632666532643134623161656534306164633538376138613264623862
37363039353861626633643737623965663230613736316234383438303461396566323061396439
36383730643261326632373963633138346162386135383139323039373264633838383733663864
65323431646535386466393132666636633234343665303462393365353961306366343035333761
34656632326466616432376661353431393030663333396532313032633438353533636133373031
62313436633465613063383839643731643339623839346564386162633063663261306666633637
30663863653162366632623038623037623633313861643633633833633261353431333535626165
64316330643538383762313133353231353930613633306163626436343235656235613666333334
39353635333836363130363263333764333464306636323234366665616266356138306665303832
30316637353865396638653730663263343232313764346336303563623561386265656336313333
37633937346164633633626536643239386337333434666633623130393338343963346330386533
36633939353561393863656530393930383264393466326264653239363364666637666266663836
31383264326433396539326235643065633832623535393966383266303066626166333864623363
65663431643030646234326638313732303534633839626332323239663263326332356530396264
34653238663164393938323765333365633834653761316233373431333062353162363930346162
39663663386464663565353630393330353762643565306430393534646137393932313030353431
31303235613965386434383234663564336634313238303233326535333330626332316634646539
65666336636263363435663366653339626332656465396137323465346534353463383764396631
66616638646339626433386438326530646130356562633332336136383539613964346134616331
37666237393934636335386630636566366638373930633361316131636532666262316135643437
30323833643465666230623038633331306633346334646231666530646634643031366137306464
38333333663961613234663764653930646661313031336237373933613830333133653561376161
35363934626134373865326262613833626334653131653436313935373132653033383562323237
62613061623665616665343565626133643937323933323066656630653530303562343339326333
62386337656432313261323733653161616462613363376165633064373364636263373561393135
64366462363637383039616634613936643331663566306333653839373661366234376266383263
32326538323837623636616337306264613163653230316465373738313166636463396138373461
34326462623562326364666261396332333061616365313035333435323131616138653732386435
35353938396430343265323439626432623330393739343436316332383431366634363734323132
39353937626163386335336265363364343034386239353432326563373730333838623132303936
62613561303930613734343163346161313837613134303535353037393661643437653130343834
63653339623832383938633233306265643334353337613263303561313335613262653035316462
35346232383666353763646633323939353934323530336438663837633839313766626562306665
31613761386465663065316330306663383636343638333735613732663238656434646330396165
61346439643231363830323833633666373066663438366331646665306134363834346562366266
33613263626234363863363061376433353862383133313136343936663339353661636265343165
30383237353437633032663265646562393130343165323631323135643833313035323462326438
35373135316132366238616533653837326534363133313461316136363834383462643035373262
66326133623633653236306431343136383931383366353662386535373037633137366332653733
63353730343061633131633436313263366465616661326262343438396562626330376462613265
31626330306130663135336437633232353135386439356237376338663862633463316331653166
33383535383832633131376337356361313437393062343066663064326565303139616634633261
30616336316231323232323438393539666238346338303935386132636666323235663862626431
30393733663532326436636662303232633938333466343335343539653939346439366163626661
35326234313366393830643465383961396664306263326363323465323133383833373533313233
62363439363836393838663433393034353335343863333732663263366333373537653361393738
37343733643061653361626331363264306165373936353865323763386535356662653730323863
63633331343266326636313464363530626238393934356461626332663739326530316338313261
32666433613533376636356365623433356363363735386565623338343462393565626361636136
33353864643630656631363132336163336239333961636132373130386537623537653261303934
34653936646136366231366633373333383733366534613236613732373534363964613831336335
64353133653737313564306133366539636264356630646663326438656432613438646463633230
66616634666631626464323161383436363931323462363430373063323361383161356431346431
66316362386363343266316436383262356531663131356539613335653061313536396664636534
32623865633331666662303330653566636330393739373936376234663561343164306461356131
37383336323033393063346639303663366637613938663261313732616263656237623665656262
66303438646363613661383665636430613630373134323766326562616630663164633165326235
34313031663337356435323732663562656532646335353965633932646431396463643231616466
62663462313132323663363530353231356639363333313366363364313462333631666538323539
32613837316337383764653162346136323339373739626132326534623130663661616232363235
65666661313036376230613330303936303065306566623739313064393964353338333030643430
65323266313831316233653634363563616636353666346133643836313763313230393132666230
61643133353234353430313766653733376230353366353339326538663137316234633162636535
62383062646633636535616138343265393832636533316430326230386361343633643836643833
63363239303832313331623363363533666637356138613561396161326263386538666563323163
38383135323532323962336630366534323535643561356531333834313164633663326139656234
31346632373130663338366434376330363830353339313538633161383531646134333339663965
64356266326362623362396532336163313932373661626534323464363631623164333061303763
64323639326637303666643463313539316137616566646564613730386665373064336330643663
32623965316635353430613536323436393135643466333237366462613861363233346166363733
62316534653433656332343638396639356530316463353031626466633835343833616631346330
39383738383266663436646530323363626362393532656633613035623666396333623139303233
63383631623934333164313534383162373965633434663932663732343031623438313666353061
62333038373138616139653864633138626364333230346639653166313330343633613866663438
31376531336332323230366461373465623166346365353630303763646261303536643338376438
65666638656235303032316338636138303032383865653262623964306165626466366637316136
62653230663864653462366162313164333865623832326332633461386263666133623663653537
66636234666265373735663663633135336165666535323266653036393464376139353835346665
62366664643432366437386165393363356362653638343031623730643936333163323631356335
33353464623466643038613235633661666363623333616633333362663730656235633432383532
63343039393831333765316564636135653636643235356365333437333432376165656561356432
63636237396232626136343565653734343233383530326637626530613437316562656636616234
33663338643431636636653337656637393763346465613936343733346562336339323864363165
61633638303866663035663031623830306635323866303664333431316433343632323630323563
62663561393931643238303939626433383736643634376363633464373061386464366261363664
63313232623063393939326333323566313039363464373638366538333863656137396533616339
35626262346238653663663964643361623433333732373437303538333563393266323232363433
32326465613035613539303035643735366437366430666536666163366133353265656665643332
35633062316333613964363634653336313632343061653539613435373562326230333963613262
63353165323631336166323061346538353366663436356130343738323033303636653233653034
66643533313734316534633431616561616463366563616133383333663036393261613835623838
35326665623863323437386630366631316437663334366364646238333061613139396233316263
62343135363931663435303161653636626432663961616237613031303136666334336331656636
61306634323263383864633434663965363634313131663835646262313937363433363063643061
64363930653038623431326330653161323061396261376265386234623563323338303830336662
62636437656166363834393839366432323635376462623537666534396636363234376664333636
31613861663639373162633531313566366532313038303933383234306534623037633036363533
31356463353135313666653761353262386166656231626462386361376361636138633033363038
33666162663037306263383931666337616631303266666435333363343732386564613965333436
63623263383661643264363735386536633533616335616562306364653931333034303038393434
65636162623236303532353135313431643230343439353862643964333963313530393239653839
32363939353461376662313362353530363633613065336464386133656663653765373335303831
61306232373830346465363333353261626232393864656561313064613631383161663437663164
38373335613235613939343032653564373163383737353530306431343663323435363236386532
64363863343237306361633661303538656634373066353839643161623431393064666538613437
64313835653265323563623230323639366462663137343061316236306539386634363565373735
66646661333364303665343434386134613731336262383431626435663033393531643764336231
64653465613239303266353663386535613462376636316632643838626131653961386632616366
34316538656533636639633335653565633561303562636330633164333435393266346363613265
32656339386536663561613865623862393730316164626239666263653434333438623736653264
34656134353337346632363536353461353931303730653461653631386532323665363161336138
36613565393366336234303239663035646635383632346235623766666236616365626135393365
30363137613132653330316163333232633865373835623936333034326530353761366536353137
36653233623261653130623065373034376365336633343931663332333366663236363330653834
37623534353436316136373062613662353536336337646430343663623230656533653237646631
63346232306666353730623062393964343633303730636464633462363664383366333265663761
34636265333632303035373961653863653066666238366665353563613763613861396362613731
66313664323234333564643833326333623234373137386363663334626335363532616266653039
64646133336230373531653363663964633037316233356363386365326337376161613836623063
62336538383066336137616366356232353337633938646534636461366332356462646134663236
34313538616138386362303966373133643937343266343131343730303733333335633164653934
34623232663361333966353466663631323831613532623639623762366331623762646434323031
30626133613561323030633664356263313736356163616162643636366534323134616162393065
30323532383633336364356134633539613931626333356236663933316263376235363038626436
36633934386533303136346633613263623631333162353961383935373861663333373033623638
62313130636130366232333665613735346165386331646665396332613862336461303664613835
32343538666137303063636666663237343264383163373062353635376133626563663964643835
66643931653232343961333437323362313866333366623063376563616663356636666235326538
61366138643665393533326562396366316161613231373839643164383735643864616338376164
30363334616138633233396137323764343935323837653561303065636164373564623961626631
61373265346462336231393236343132653434636364333365313434656439376661623233333732
33383533333664353166656363656464653139623235393935653839613434316531396136613133
62346536326366313435653131326636306633366633653837623531386432376636356566336337
39336133326430343730633062316262646331626163356566363232316636323164336338643738
64303333623935393361653766613731353463303864653263613833376366363534333531323037
39646365313962666363633064623130633363616666373636636635363964663235363564643861
66333733343339336431643537333132316463343531646236646139306463656239623836616563
63383436663466663564306436636331633137643866626463623663353665656435353433383930
38376331613534643531383133303264306238663230386264396430623534333834323866383034
34313431346239346664363538313664333963353633303438316131643230306333653236373634
36663064326134356263393061633635343763653063313363616239323064393831613562333463
32623639353130643966386232363164386638313535336665616465356333356266336635356638
62353166303534306635363638313465363737376162306637613761383834616563353661613732
64653131366335663466326363323864643165323137316162393366313430326332636363633461
66343630623234653039323065366130623638333463643439663430616263383665616639336636
31636439313639366337333766623030343964396630633266343530643435333564343339656661
64633138353839626265656539393230303631303538313361626631343235626333376163643239
34373966343765313437653663653166656663343063313235666136633466623461353837343233
33313531643531653865636536326535623665326164643835326661336330306261343661386434
32313634623034643762393736656639613535633232653562636664333433396466323537666630
31626439313437386338363033303866343636396634376332393764613462646361326266656532
65653763653034396339346531656461623263633065613636386230316435343839666465323435
61383365373963353831333464393337646563653730653765653134663230336130316530363333
32336335356437376337343430343862346562326134636562633331656461353836623464626465
66343939316531653761646331393636656364646663303838363565336634396431646263666462
36636339383363323761383738613235646432363834643763626332373861313231663631613761
38633262326365303136623935306631363737623332333861336265393937383166623431353862
32366536323731666461623563353866366431316436396462623033376161373833656137313239
30346333323331316534313561616432323236616331363264666636386138353166353630613237
64663062386334356639393665353661653837633933353331363835386363313565363166356134
30393465346436323636646130356138646664646530306132343933376634363535326531373161
61663663373737643734316639356137386238396533333236316132663165386566346161626139
30636565346630303466326130653333616662326165366337313366383062333666336433303632
63353635663932376464353762333239653938323133363939623234636466373737666662366239
35333136643836656435316336313236626163343261643834613239396536653432666339366165
66356637313337616331636663653861353533643935623963323139383338666366666462306138
39393530386533373238383432646665383333336665613439353066613230643564303361303133
31323262306131616133633637316530363335383133343932366235343638633261346231303334
33356436666234323264326639306231373133336536356435383434343762396466386435633436
38613464316564626631306639623634303236613666396439346135616438373865373664663430
64323864356333316237363362323565396135666635643436356234373836333139363165376237
65623765313361336232333434636631383835303066393336393365633266613338613063313337
63353664373734393666613165306330353166616332363233303766663436323632353033366530
35633832623661313739646135376437656338326530383131393632663364326465666636633462
38323066333162336334393837323538306162373133346562306164646438626266656235643864
64626363623063303837366364326263653138313530396530316236303739313264633530383837
30666532386130636238366263663137383963376365343039366337393834353133663335383430
32376366633432346332653364356462613234356231656363663665653335333663636133643339
66643165303030373138346564316464646665613736323264353433373531323830643533353339
33656437303365333033316233633437313730316332633335663933653864666363656130656562
36356463616163343535346438393837336438366636666566316263303231313534343132623131
34343665353231396663396639366532373264653631333139326462303963333938656239363431
34656337653561333037343766383333336336346639383564636639623433336333616437663133
38636564616364393664306564653561333738626233633565643434343134656439353132393865
39633135623162663333313632633963306338643062623635386430306365653930643966326364
30303735666663613933343831666262396639653735373466303033363535353432396662373832
64366633636466333265363862623261316239633664623133636361313663653939333333333630
35643063376230313437343337663661656563653935613831633962383531633861303962383162
35373831363634643265366138373264386335666231653662393737336239383036366433646462
31386462633835323365
