$ANSIBLE_VAULT;1.1;AES256
33333062313030656435333365363761383635393330663664353634616337373663666639363534
6632353966333433303066393238663637646434343265370a383036633532356361363361643430
61653837643233303262643936346463653733623266643164396636343037306335633430323136
3333366435613934340a363137646339353836303932656362323830353064353239316137396635
36303434363736646437613565323134656665623134383564626464313563623137643362323733
61633262646435353734393238353234313132373231353462396261313134336338616566323135
30633436663364326635346530313763303734373165316261373466653638613865396661356231
38643136636339333633633930313131346133653232623035396239666339643662643939643464
30656135663765623932316166393737313932653830613961326461386163376138633837313966
34623463376265373862643736326565383463663861623163323439306538303662336564653063
64336265333464323566653262343332343866303135386665353564393466666361636533313132
38336263613762363434356338323434653039666336653435636365303532636366313838393035
62643864373833346565393534613037653566663939396332386336356565636630616363366163
65306635303364396430393439306636633237623831616234386163313463323536373561306461
336631336363346461613530643230363366
