$ANSIBLE_VAULT;1.1;AES256
64326638613735353533303030333734303262323438636535626435663130633230306532363636
3233633834636564633936653338356639646261323031350a663765303762313936333139653436
36316336636366323834383563353761323861343437353934623434353631663737623065306265
3065363961643266640a383833396465313632353737356266313163643734326637343134663330
39623838373464656138383534636632383265383134656134373432666565303234396261376665
31323935363037613464336133643330353034656437653633306264363161363266316137376131
61646166316661386234343433346665613061353861343363643263373635326264343936663834
61666261666437346136653733656162633632613363313564336131633730623931366637363039
65353863623837663132666663646337353037373739313865653334306634396236373530346338
35353339376663646636313063636631633237313438393839373866393631333034643664623861
33343934653432613565326165323761373436306565343132343066386435396139626630623666
37323539616635376565663333626165303638316366313432636363613833333362313636613764
33376165326266663030666238306462303338313933366362376261376434346438653732313530
66303032363233383038373036326332363065383562343535386533636564303336353537303736
62356134313962396265396433313539346565386239303039346633646165633561666139663032
62666632306263643237333030363764323332316133653832383130396236376263336666323062
30356234643636643337303366373231306333336663373136646230663939373031346636326564
66366163343962383665366363313938323966636164623432633064373539333331656364656538
34316631316163376663336563323131653538653435393938373933336437353265643966623737
65346234643737393335376565336263363030643461376463393138616132663733666433343537
62313931363733613462306531346133376662663032376333386635643238656564376564383237
39366435373864373034393363653261666266346561393131623566383939356639343863323634
31633934396166383235333461633235366138333361323637333634616635643865626531396431
34353463663138636565396161393962336331346665346130383264306436636335323964346265
36636166303661623163333239623337343130653838376432653434646461313963386464333435
66313362383336376536323030633138386430303562366463353362363833363431393964626231
34643737386566393064653463373533396661636564656462306330623038316164346335316436
36636234323735306235383865396331303436666131306638373164623734333533336166326132
38343931363764323934373262336562376538343861306463626164366666636264393862363564
61303231396338326365383361346539636566333163373036646239393266383163623539343738
62646133613334653861313234653431333163366663353065396666346134636164653961366134
35363663333332313335643930643238613532326436313163646631343064613239663865643238
36653832636266356665326231303463616462306661386364613137613138323239353430616265
34646166336439326531353231336534336438303933353763346435303961396666343166343865
34346164613566326463356531653531353631666266626236303938323533363330656536313031
35383136346664383666393839316262613934383633343233313737353631306133653830653635
66643934656566373563333964633439363162323463353230633337303865363933333230653233
37643662393166646339373162646236326139373736323839663731643563646137303934383935
61353662336138613365383230326162666237346238316434663039343939613737313766623738
38303934633932646166323039393364366632623634353164613631636533373837336262346462
66646434386664313538383536303936393862396137623963623162383564626635616338653439
66303366393438613931343265613539636331303833623331343738623865316630353161336435
33656237666337613338353930613564383037366333346661346137643536313139306133613631
30613562333232643539
