$ANSIBLE_VAULT;1.1;AES256
31353435613230373861643633376364663237326237353161613761326630646230366461303035
3638626161303434386663376533343437316564616465650a373963656134353133396138376264
62343336616433323766316436316261353564643435623737333635633063643133386466356262
3239666132613434630a373963613564643439376332393134363964653165336461626636633536
34643965666534303565323135666537646338623932326635306237343339383932353835383966
37646235353830326663373839386638643637393066336638366134363638353866313564306263
33616132623634616238633930633636393332316562663330643532386138666139646461613238
35363236653966366366393132653564636464336666353231663865633631383064383965393535
66376532613531626233613739343163666637376333363732633234363938353163363335353463
64363431383166616465383739643066633334303663616465653134626332306235383466346638
65666632626337643463333136396435343764393865353866326533663638303939643338316663
39303365646130373162646338623131313834356566326630636532326435636132653139636534
61626630386564333633663737616637386366376538623061636230663165333465386234346135
31393230623138363539323037333464613630353138666432393662636231316332633834386539
61373264343464663262616432646137636637343939386465303066353638333963323563663538
64316538393133376466333561626365646236656133373763323064633766663133303130383030
37316465613861313532333937646465376436623630363365363830633330343239313134303362
61376139626337616337306536393766663633366662663637376636336536383539326563316465
33613633356231356561653833316430343732366530386637643031383763316466666239656339
32343666633565313633323038646134323239663334353635633433643036643735326634626139
63613434346234303033366663656134643034353630393933623132643035623731383333656162
62363338373032393766633762633061616232366632643966393566393864316434373736383338
30316666653037663039363364323035653533303763373662663063633066613537616361373864
65636163353436303135613432396433333965356665663861393537303234633632373861323533
31666136616437336637313934323164393165343430653262643830616636353433373237613466
32646566326662643239383437376164646461653266616138383065643438353537346334616261
30363231363862653535363830623562306561313165316666326264373366633939663062343562
33366239383730303237623331663564653238366237386334613938656435313761326237353132
37306334336163353366633361326166373961393032363966666332323636326133643035313938
32346162303030346133366331346333303836316136383731373638646563363331616230626437
34383633613239646465623762326335303662386462643766366635316661626465613938663263
32393066383834316130373431643030643138326665653439633439633362646134613363376562
66643738643132616434646165653332396339333837336664313566363638386334623636326561
62396537323365633833636333376432653830333233653536653561623861383331643132383838
61663735636639383931666664343534316333623462613564373262343637643133643363346639
66656637366339636436666630316566323939653364643937616631313830383730333139616262
65373630393961373531623162663832356335636437346266366561323938656633316632303565
61366435623932623862646264333361343363336538616530613332333033303962353335373265
62306466373031363864313263653966336139333536303831313066636630356133376537643538
30313033663437643039313761356131333364663933653166343836343639656639343136343034
35326136323033326265303530303937363330363166666461663164313136346463633934643831
31643232393330663437383738383263326565623436376562393035383165303161613630376337
31613336653331346437663539623330646530333164363431383735363630613632343237613163
31646665616564663934376331636536303538616135643332313564353331633935303433333263
31643862656461656537653934333933363130393739636432616235303535313634383231616631
31323934613166663437356230333063663738393139376638663564653365633262653433396461
34633937626363376163626335313730363366373038316133663039343366643037656430663037
65623564646163623838653931633935633461626532366239666631336139376233346161316137
38353030616363333265303539343962353161303562313464313035316339396665373932303230
61306537646337616564393565633936663930636435323436623333653938336335623534336434
37373331666138383039653233373830383335313162303363643737656262623039366538386665
66333331323030343139303537363466653964366534376131653137636562633137333166376637
37643034383330646238373334316538383639306234393066653331623136346361643830353764
34333633633230626130633661663865376562353037656232383663366534356665313966666363
38353535363230643063613461656263643061663931386630303937363336396637613135393366
38356239373639656331666561363437323433633532363936343537653438653038386264363132
65386134613962653165663164333237626333666363613633613463656163366366396535323265
65383537333231613236653834616339353037396236633234616533346234646135333130626639
35396531373132336632303832366565393336666433393536353630356666303862653439346663
33313064333738326162373261366531663138343636356138633631373066376133363066623162
62373162663764613039613565356662396562303963613930393634653533663634663465306161
37363161353562613332373865666163393666616263343933313965313062656138643234646538
64643562653135663835616265363264333737313161373230386636333037343732373938303863
66303539313432343536653333396333636462363530323136623261363033643334326330663965
62646335353763393139353035303237613938383633643339336461663437393934363265376339
33363632333864626166336432303462663830623562633964613632343764636265613031653931
63613030656632616261353938383333633234313733373762313763623161353061323136313031
36653632376335623132383634386164663362643366396566303130633062373631316462626231
62643435633632666465353038326232386433353430353961646666623862636331373763303961
32353462663765363138346662316262376339363837353735656362353834656464323439356438
32313232383637323161303562353562386366616261326533373233303732653963333734663936
32326662666639373330313433613734363934366131346462636439333234643833306663643934
36643830636638613539393333633738343830613230643735396663646437643036323162386133
61363038623037373961636333626531343365343130353530303332343132373862636334376432
38333065376436303232366135613461613365313835616162643065383834356261383031326533
33613137313634303231343961656339616563633431653665663233353339386239396631313266
62333134333037376263336264396664663735393334383730333135323138356536333764383135
32336237636431316330623136306461313464616432333461623061316666653662653639396561
38666436633661393461366436303161353339656636396535313232323965393430353463373432
38383939306634666233616133343862303931323563333434636537336561383035643566376539
63346530636232633632343433616166343934366139613666373236303132356630323264316432
30613762636633303931383834646136306636653637363235323330626532333737396263313131
33333361633031303938363234326530393632373230373330386637633332633636353235366632
31346636363061333664363139383466386232616463623839623432366430646466633437613639
36316664623665623837653262303263323439393066643166623535636335393932303035643735
35356239653062653864393330316432636166346332366533636239666632363866396165303335
61323937386537613663316530316365653965616263346634323135643836343638343766616335
34346230376161656361373539356661376437383836386666373630656438333764396434373031
65326439636264396266366632303865323463656232306330306333626264333833646666353434
64623964633966383836613363666662383864643961333437643439366536316232393364336464
66393433646637326232646438376161356431313935373733336162636133343338633033353333
63396634373433353535326636343165303332636261383338363634313231626361663366366237
32373236383139623165653633333765363235383163646466353331323233336631346538336639
64653732306631323463326530363861313031323834626535633565646637336534303361396139
62346539643132363163363462353831633935313335356164336366623465613736326637356561
64363565383665383331663862326533376634633466376166643034633965643464343130333864
63626561666433623132636366393166613265333962386662616237623335363961616332633033
34306436336331323433363231316432666466633030323938326137616334643631353636363665
36613130363131656331326565643261653061663962333566363664343031333261376666656637
62643733383137613530346532643165366630643034646365613536636663356239316431663266
62663234663764303662396462326633363337356438376662313232323331386131323733393464
32633535353336333865616332376437633038633934356233363165623737623062623236646462
33363236386665376266316636646466316165313664323933663062383338613836646662363730
62623364666266363336623536666135343537386139386166306165363539393034646562633133
31343362633563653736366130323566616535653331646430323863666136393538333464653038
63326532316561613330383636643261623932353761356133336237393761316631623134336364
35363731373832633631373565633762616564353536333834393938623932353162653864306431
64343032653066323632306232376530303939353338313234366337643130646638313037636266
35643137316265303464303938653935666338633462653833643666366630663139326662636339
32373963363463643837356231396465626365366231343263633331346435663434656164656261
32653838633362386563383731663832386664663131636630343534643964343064346333323161
30643264656430373265383138383632653262616132623836343039303036383837653232383437
35313438643332663235363039353434653738383664353038346664363339636366333330303537
62373834356462363864633335336238303165656331386632656464343737373966333831346139
32323631313861366164663062343739396533303031323938333433623839373537333266313231
37376533333961666534323437616330313963396333356239663163366365386339336137383562
32623131613630643033616164393462363039333930376435623430353139306632336338306138
34626166353930313764363762343764656331636434613236353431633933656566373437376136
64643464366364646561623432386239356332343032623631356562336561326438306461393932
65396433303665666230646663633664333832373435313639623065613963613966663030613964
35663233363931336232666633326235346435386463656632623666383435653434396237366237
65643833663231383761616333363635346266386132623037663166336666383565646262393038
65393937653638326630663631326336663262356563386238306162306438303162316532633730
37623964653433313862623138336437643964633462333038663363343537626132626366326637
63353937396463343434363963626237373238623831616262373236343764303937303265376638
39333438663136643036626235313635393862653364633032306633376234613338623732313061
35623862623639316661346265306438363730623137393262653262633435386131356164386665
33636536613861653062363863656463323765663762323634623731333630366163383166303366
34623162653534326264643533613138333332343163336366313763333162613636373363333661
61626232636532376132333561613561663661323038653165396138636232376631353463343564
34663537363535346333336237656135653832663135323134363038643436363735613265393864
36623237343864313561633235333265626262343932343832366439633234356338666435623064
65366334323638633232373862393762383861306334353761663634323661313865306235393132
34396166323265613534396634373765373236663137373935343835353537353865623539356438
34643237346539643062313162343437356237656362343233656539623430396462373135643334
33326661313266333234663662346136643439393736303831663837613063383736366132353135
65363538616536383537363839626462643632303238323138643166373036616363653961663165
62336538663463356164613166653039623362323935366163656632613866626335613839303730
34616531313839636565623433303265326163373831333535363530643036363831396162643763
38666435383961313738356134663763336635316134633864666361323034393564323363303532
39346532336431643938356332333264343161333537666331333163313161303630373262393731
35666662303539306334363761643964313632613431323735376437333766316162356161366364
61666631666430353835396132393535316362656661313031333337613136386266306462616335
30326132353839626137393933326364656261346434626237643531393162333530363533363431
36353365386461663136363934653637616431323733623765623265383738366163343736393166
35363036623537303836613066363633633933383237356563656233336136306430373962633265
66623730386134386161326137373365343636313939386337373136326338323637383637643730
61383465353162376633333931323733343364373866323161353637343563323563313531336561
64326437656135626635306266633965333533643133353637333230383435646633353138343066
32373965386235393536343865333964653631316630313931393531353264313137313034633038
64653530363061383633346365373836613536623565346633663164366634333532306666623238
33353038643334313063393336303366303064336139386365336238373435306630333233343531
63623064633664316138306632323764306335373434633533643464376266326638373763306335
62336563633961326561313539616562373939396133306663343634363634393331386333343038
31306536323538313762626236343932326632316631633433383461373133623232323235356536
64393462353332306235386437313864313861396430363332346434306636616337626463353032
38313765306161626661616164303036386433353764373564353061666463353061356436373366
34366137626138393835336337613933306135356330323039663562376362396162346464353932
35666130616263383666633163643631646437363134656363616634633932623964626335646437
30326432623837383231363538393530623162363632336333383566646132353431623039633738
65663936353638326135633763396439303566363839653765373134616636376539613266616462
37326538316338373733306336373763636437353464326633353831316337323935333562666430
32323732616532326134306633383165623466313464393530353332623662613331636434343463
64326638666563343462336139356434616236643337376666333763326365376465663566656563
61366630333863666538326266393734636635666130353430663838626339653962613039323730
31373062373430313135316233633534653839623965303330346333646530343363326364356637
31633030643237663161666564393132653063346534383935373665386331353465653964656563
62663136323232366364353564373531343262323433303463396332356661633766633537373332
64373533343639383563613934623137306135336463323865613431613564613862316532646365
39623665653830313466636331326438306530643435306163373435366562353838653662646133
30393339346231666632366630343065653735343530343035396162643163363263643536356462
66336164336564386137383037363233373666373538373031633834376230313636663537353438
37306161663334646539336232363336366562623339633831333637616638386436643934343566
31353239306335326135353038363737623634313434613939376534353032373334373933616564
34626461336438663434653062393665613866386231353965373161373964356634353361393766
61346135386230343838386132633865636263363938653734616566346636323664373464656537
32393532636231666337373330333635366134663061356230343539616433656237643733633363
63623138383338383862396233383938623362316337653836393162343739643931626161366438
39623565323365616265643662646631396364636434663731666135663061383436656165383032
65613236376637383434386139373362313738383439663636333963326138366130343530336330
31393639363238663930386466363839343932613632386464303939333733643363646430663739
35343861363763656464363266643832386539613731343066626163633036353565616539303963
37396236626533343239636463336331353638633932626561653364353135383335356234306532
31626462643064363538343635313534656632616466346639313839333039323835386638333737
35623839353135396230363039346362613832616361666461316234626130323165333036343766
63653563623861373339363364363365643237353765383434636335353233646633636163616536
64643235393335633766353837303733383766313836356438623266366532343565353137656335
62623964666635633164346130353930306438383438373736363034663835363737376635356366
39303264373534303334346330343135303336353330303132623135346665333339366466636438
35663230653333653733653330633235306665626230326339303739363731373730333734323634
65313634653665336335323439333265666565636537366536326436343464386562393434653365
61376462323939396637613630326338623332373064656434333536366162356239303834396436
38346366376339646462383939323761653130313332373338326663323961623535366633336466
65333233366562303733623064386435646661323062336430666631363834633264336431356165
65643834313534343635633839623136336562363966336131363865616562396132383464326161
66663262613364336630643261366165326462653063616130383031386435363336333063366239
31303636396134323638653633363762363566343030356635626235346331643734633763646666
37343831633338373835363565343632303463353964613435363865346435396135323538663864
35333037306537666564383436306238386339613431316431333732383036623935396163313365
66336533623866623765623035303532373036666465303164646537373432303334386335643937
35623135313739306239376364323439616466383231313038373835303639346465616338313766
61313266663336636266346538386161666264313836383132643631353530366436306565373934
64393631363036643230393037316262633333353731376136376138666137356537396235306538
61643665613261383066633166313636666632386238396366626139373464303336343934613662
64653932336461303964376137623232363264303162326531366139663236633738326465373832
61626535346137326131386633316634393936363938336434626438366337626436326166366539
39363235623733323133653338373065393534383932636162636531313339613433326437623936
31333638616538363766626163313638633066616465346535323638383431346334623736656661
31373262363730373564353863613030383233643835386636393361313566636630306365656463
39633263383434656562313231373437363636363866656231303061373064643633613731313131
37626662306232336137343662626438623366633539306462643063313664333063393066373135
63643466616563386331663335323835663035363836363638313565353332623762613961626433
35346233633433376632333131343037653366656532653637326465306433613162306161663864
61363130363663343936313439663962613738383466653137633932636162376435666634333933
36363466343561383137356333373138303764323235663637646363333166663132636665396462
37343464333638363439353132316163656335303333666638353665333338323236333336326131
33313861393664313535326564366338663931663762356361346466393661633038636338666239
39313530323330626630393264336131616539326661633236646438383238393864653062646534
63346335643466303138636465383131396530333466363061636365666538373538373432313866
34663431316364663439306339313639633537653035353832373638396263343438366661396333
31373066616366653437616462653535356231353932653764306333666230356264626336353533
36653937393362666339393264643437356232656131376162656566323435663266613936633130
64613736323430666133333938376163323939393564663933353535343565353463363530626463
62393666356536306261346331326234303733363261316264643665323337383638613932393264
39373062386661613337643335303430376231643163353233653532383934353432636638373535
38373261653862663630613436363932396665386339393633636663323839353738633661663038
66313930353031636632623431313935623338326264613635653031646466626237616634373432
62393766386462663435316165333231353133623031393265313037613737366435383535383433
36346561336633633835373264633663353139616236373933336664306561643266363663303661
31333462326464613365306639643736613264373230353836643166306334333838336165323765
64316536653964313666323830326134653437623363643833643436363065663265323862386131
62623432306138653362613835336334346563343038336161616430383837653738656636363262
66383064313763333436366333323730363038353336393533306139623862656338353339343263
30353932326461323261326436623765636231303936366633363434666538343231616539303837
32643862633439323230393436383139633337303535616130326232343162303765336361393264
33323039313633333262353562323538383336336235366163343432346463663138616261366134
66646231353639613435303161356133353334366331373535396564366632303938333631626138
65646339643766363237353837666435643339393730626166633965396536363832336661386637
39323938316237663461393137633162323662393861613734623037363031343266303535373737
32343030613565656365663439303462363966313734623735663339333061623335663334613464
30666534663366313333633366373330616362383463666633373035363636666430323662363262
31626639613435663932343631663539386231313837326166366263386331653538383830303935
61373665323032373530643363646533396530383830363463636661383838616237316361656235
38633366663734636362666465316536663630313435313334366263353562623164653937336330
38306535316635316261343931336132386437643563343134313033633338383732653636326137
36356536646539386631656537626433373830376333303830666135643239376464636338643433
65613532333330346663333964356336663230303265613838626132666339323963633436383262
62366637353230386665633134626431653630333136343033343961636430313336366139303362
31393335663366623832666265363837616334353966393133333262376133396432646632613265
66383765393961393061336265646133383032386439333330613330643239343462336630643830
32636361623336666633323431313762383332323362393835653964613563366138366164343531
33636638323338306134616665656130643533643733623538663263373966613538343635333638
66383463303263343038353562346431363539336664316637386564306665396631343632626661
65613135336339643930306666303932623465643064353964623237353135356530343432373935
61613139653962393966393061343631376466333834326639343538373665386632653133346636
38626566616364623965336230653038636538623932616562386161373231633765373738653235
36623731383738326232316264373565383064313035303133616337623365363638333263336661
66623431376136613164666133623561633565366161366363333830336531366363666361353765
35313238343064333338613235663231306237376330303335636166656665386238353933363565
30333435336366323061306539363235373963336433346330383365656165663232313134306363
33623266306233383662303762343632396332353031653066363032366464333232383733356463
65376261393262653265656634656462653438663965313536663138316638653131636336366464
30396635383366376462643637616236353066383631656666383864336263653361326436323566
31396330613435396163633765383435393330306333376332666237626633316235626435333564
35336562323866643933363366656238336130353464376231373738643234643764633663643962
66323335623764636262636664623133333937656666303934333035613237656230386233393262
62656162666337323261666638626239316130656238663837303334633339353566316664653630
35336237313663646331666233313437316465633834373836303066333864383539363736393136
62393937326662373334653465336134666535663537613837633533323330323236346639313335
37396638393934633731303639336263383563636531653364613863343732663164383462356134
34373165663830323630636332326266313666343133363836326665373663316535346435643662
65346638376430663037316237646436643432343438386536356161306631356231393662636636
32353738373033383865343965353331623062303632663264343038643133383963313736623461
32666136363836626466303265623434613666343731313936323733643162623238653031333733
62653639353238613963353838653132376365323730383331646431656138633835633564346632
62383934663138646439386664616462386464383866333538623238323861363133656462393432
62343030333366316233663162353131316236613232383739326561356536653332323136393264
62376331363735633862623933333961353939326163366432663734313566363632313632323465
33306635656634623865383534316465666439316663343930323136376134356631643236363266
62343837623963373262656438303734326666323633623266386631326537626137363033373630
30323439306233383561633239303463323461306336313965613235336662386635626231366133
38323033613133363835653632613638643737303461626239396330396364363865343236653335
34343233386138326361626463356231356339316236396239643863366562623935373966636630
34623337376162396466306563393638396263363836316163383562306665353138633938363334
63356235343965393566343363363839323031663437376662636664306566393266353065623230
65633933396431376561363334656431643736323031623039376661616364366137383635373135
37663863373264663633623564343335396338643932623934306534316231366166333233393262
35303366396234323365643361306235643936333238633930616638613930316439373762396264
63303530343733333530363866613935626136666566623131373035356137306233373335383534
66666639356230626563363463323035303562653263623166663365373636386532366565366339
30376634633361313936353863396261313464313138646266353362663835323733346139656665
63633237343032313261316466623632663262376266303666623834336635633834386432393665
32663536356136363435393466333735626664383836393761303833393662376666366330343632
66663230363537303535316564653439616639366264303330653332373633643731373663323133
61363561303839356638633962396461373463383266383332373836633934316364633762346137
63653430346139366532623663333432663064386234333635663134333865353065623339663430
65623036343131326437306432373638643638663163336265323436333334303365343635356563
32386636303834313464333863343263356634366264373033613963366539636431623165336637
33303664373832633537303338663261333632653261306437363736656431633864396531326631
37626234616564656566636131623034653137373362376164306431386431303865343138396138
31626465633338383538633632326464316665373031616436653165653533643463313463663563
61663835656338386539616131313265343361666563303532366462386437636437383337633138
61326134313266366163633061633463636531343662363861393734376337346538616164313335
39346235363264636536356133366139303739336561376163383462316462383232336463326463
64636638333632366135633766623762626666643034636164303635636562386463313636393861
61353439323837376537323738373362663132353562633430376462363961623434323530613230
66306535663031333939373532646462373865336666343066613666303536376666613062326162
37356666653433613764396135323639643435656662353433346337323466393333636638333132
65306331316464646330363463333461323965363962396230643262376665366563393730346531
33383765363238313264323634356338313837633265623964323237343630616365343930646538
64623662306236616535393963333166383433353937336564306662333539313633313432356137
61313331333032643138396665623864386139396564316639353061323634623530386162306432
36356334366437613166626132616638613463393737653437613435323930653666663937636434
62396562346530306638333965373732623230336338323131616663336132313531373561386539
35306165306531623839646161616539323430366164306663393765333737333362323439353464
38343666633965623631363832396438663439626335326462303063386162353539353034386631
30306266343361313339663265313238626563303264316131356366333963316332343764323465
34373139653431663235323464653036633163303531623933313262306638303033633463343837
35336431393362393064306234613765323731666661383661623062393635653438636566663465
35353433396265636564656139346365653239333730356362653363363366366566396532376339
63303763353466353930373663616639663035343863663865643163386266393963396562616139
61636236393837656330663365663432613331326639383466643934643365383032633861626635
36386538386538393061323965346232323730366232636138663239326530643461336437376335
61373631323364303836633762333338623833633736326162313536343165666432316163653430
64383262623561303164373665386236633565363733303438363039623864663763646639353966
35663836303931313837343133663566383035636566373830656565613238623262613665656164
36663337313462303139623232613966373762306234393864303438323231646331666361336136
34376564623231656466656561323861656532663164323932326534613366663533336361623032
37336234376435386234653235616436643862316236623138333239313461336565313565323363
33613733626166366335393632636133323232643466333934373330356630646430663662376439
35376530636234623130613236326639376434623834656430353033396332336561373834333761
36306337316239366265613732623238306435353331323733633333656436386437613730643738
33353436616331643739626239303562666563613137363363366661633265346134323438313531
34613039336238343334383734363333306132346263653766346563663930663634626434663835
36393163373530393163306336623839386635643134646231623635306338343236393139383865
64663062386462303666373862303733333830346138383466303938616236613062323333633066
62323636376561663236363832653938646135646463653263323531656664396538643034326465
39656437613434306662343162306130386164653131643661356236663133353738656332373637
35396332393439333534616639343434646533363362313039376164383263303262336431363634
35376634383935326335383664303666313161376265636337666264616435346637653839336531
62373539363863653433393166303334306366346238316537393662613239393662663465663634
36626566396334393630653434616331373065353139306266363439626133656639393564326431
61383331343334366136333538306133323337623534633930346136646634363261663737646139
38626334636430666162643233653264376534373361336235663161333834316433656636633238
65613862666636366434666231643537343434626561656231343437653330336166303935326431
30636235383636363138346635313038363163373463313730623964326233653462303238626666
66303334336561373763653839613366393463613638303533356335383139323732323566653435
35336337636163336266316439613865393037613639623138303137383563323165346661373032
39363139373333643237613831643633316338663630646435333534343939336536356138643163
62383765376435383233346336366265306332366338613636653436303933636262333735643733
63656236386439653263303632393332356539363936663334643265313031653464653438306664
35376662353734626231646138623738303334643463313162636335336562336235643364363863
30653030613061633231376238643138313339393061653133366361643335373266663635306362
65633063343534376533616234323239303339343866373930623431373337666166656230353634
36303462396534356134346136616432353531373037623839613438666135323237333832656136
64656339346634386635386563663931353161383239613331356438333137623862346438653462
64653835626430373765333164646366316666646136653562346436616138636636306235323763
31623761326565383830343538376338333835363835373264666235336362363962656632376161
32623439313464396630393934666431616464653630656164353737346530353965626237613734
33303638626463303761363265643433363634336666333061663530366435313961346164356538
66363463356164343261373465386463643562326261333361363737346462363237373036383439
65626638656365623430633862643038336338633661633666383233353437303934306430313039
32316264663739613633613066666239316430383337633239383537643032656432376333666133
30386234663464313765646332316430393437643461303232336565616430323232333564623262
64363830636663396532643733333231643631353334376231386431373434373233353062353531
37616537666633613861353863643666633038356334316263656262643333373162666535396363
36616633333564353938326336336562356336623636396234333063393635666239376662326365
64613665343138346466323136393663613961366439316438646336333135333862373636396364
38323935393239313937343435326138313530313738633037653961313737333435396366636166
34623135343130316130653438343062356265303734306439353239646336643862336536336261
33616263623539663366643031333730353766346263623963653565656339633837626366623061
31623862656663333866396565663262643732613566303532616232363161633630623262373063
30653561633066306135633731303762343531303335323761633033363866316566626161626636
38656131636130613966653430626238356366336633666466376132336532626539303034663031
34663666336336636265636561656231633266346664313165386130613438396232363531623761
32663338346162316139633835376531666332616434646130366238383731313762623566656138
35353964313762333566323334376335336366633564356133376630363166313562363166646464
39386333326466353239663662376363316233373966616266393765306230353236353131303337
39656433336331353132633164633537623036306663383931356138356365346231376266363134
37613930633336306536653166663762336561333539656165313735303931383436643666373436
63333632643663323837333039366535346335643364363261343261393031626564663661303838
35316134613266346338613365376465653661333464313639666663373831656238656162366238
62663564613238376335373230626233656330353032316331313063363333656563313333666636
32633263653737643031613666306130646631633766666137363837316230633330303539626364
63386561313163613438373061326165613862333661303432383465656664613439333662666330
65396439383863323065333765306230613231343631353936623765663566393731633331393063
38346166343566333262343334346230373531616530306532373834633038323835346665633936
39636235613133656631356132393637383232326664366238663330643761393031316532666237
39343862656364376166396364313732323839396332383334306437316539396232353065326264
65386662396534633062363139323438393564363431623164376166333432316530306438346361
39643030366231313966346330313630316366633938356438353964393666393066333034373537
66323534343036623536393464653132393963383363336464346134663633643033353335666264
32393131643165396338373666656632303936636230353666653833656164626362613338656261
32653737316362373761636162636466616332303334633331653866383838336562663035353732
65373837643630363364353930373439303230376335383736373533613034643133306163623337
30353864613938343463626334336438376631376237346134633139363661663562306164626362
34363362373438633032353864376236646135313863303831663438663763633039353035316333
66656638343163313963626362323632383035333339393865663934653363626239666261616634
63623566333361363131326230656639393630363639643530376464353234323666663536623133
31363233646332626261323831643761366365363531643564386435666462643437656336353962
36353733363461656639343938386166356336376439633562363930356366613061343266343238
37386162323266656431633837616163643139333631363136353332316533303439363734306332
65336639383964623430333962356434303333383136383838646432653936633030316665343435
33303234643165323761626132396435623636646234346634613130613938333563333638326362
63363137666161326138666138366163353234336135326138336161343432366462623633303561
39373833656635663135336566366264313638623035393863633832633062643864313334616666
30626262343866363532343839633763346238393136396363356533383963396531353833343865
65616338306239363561646337356664343930343164356164623364656230656535303362666563
38343665633165666233646434613963623134343864346662373061643763623839666431343638
32393461633737633338336537613039373562656535326132613063633662346163323336333130
61343033303332363630383562313961313834333166343830336161656337373963353730346435
35356563393830303433366239316465393935303462623632313133333238623461643431623732
37653962306266336634353262393330326339626666306464643463386437303539616361396230
62653039643065303661333433396661646665363232336636663566666538646435393265373962
61623935346162653836326538643465663765313430306162386265396263623531633062643462
37376334633733306439626639353731656639333038363465633231333565353064613438326161
61343263343634313039663063353839313437633961323166633538393663643361653065663564
33336232633664663738386137323135376433343737373234643737613335386432343437313239
64373534313731343736613230396536376565383565363164363236643630343161653235386630
66643164376463323336333033356337666230373034633434363262626439653361353531376461
30316362303666383662643639363365393139303530626130363538303561633633343635386263
34313439393965316663366661373931613166373766336164343066326539366261616362613832
66373561623364626232393030316164393361396331393162646233633435343937633134333730
31363961303163636137333530336566653961323936623132393137613636333436373233316630
63643831613132613030616534356433613262613438366664636438666635326262643939326233
36613336386330383361326465666563383866623531386561353966393966333231616537396537
61346162343234386439613239353464306366316266613161616166373962653630643132666666
36326635383337633164376362396635323734313236303266346239346438373034386338323831
61636633373264333464353266303038396634373035616335313264383639393265393030393630
61386363373465303365636132343231376662656161396337333565633337363166666566643235
61323565636461316461353036616434363461303431303631383932333733643332326236613231
61633263383864336431623335633965613034333133653731306238643938383766656163393332
36666166333537353736613139653964326239376130383438643363396466653037653034623466
37363161316239303739353066616431313735396362643665616566666438303533623931336163
36366331323532396536343738656630316237396534623430353333396361623264306537653034
62623531643830323633626538306335333764363063656462373663613961373039396637323661
63666234306465383762356138353737323863633632636635663632383062363166623465326535
36343064373464393166643932306362616533326439316133303432643766376635643862306261
61323736313061633235316263303634326330363538396630376465343962623563323261326332
61633233363537356637356263616565343734663863616234353634333634313961643331623632
63616161633936613036376661656265316564356232313665366230386366643565313732616133
63633338383136353364396262633535363363623765316632616262666331613837396634336632
63356236386136313562333933316135383263366166313835393531613932386263623165663031
63356462636664306131373762373439666432323661303761613866363233303030326666386165
61613437663561383837616235356630366363363663396131316362646531656562353639626231
37616465393434396536336434313237616533363135346639366661326637323861353462613633
38636237396366383434353136303939336234326338616637373934663866623834313638306563
61653164323966623566313664303063333633316434623030306636633466616337353935353865
39363336343362333764316361316536386435626464373864353061373037636461616463336530
61376163623463633438303234646337393139386563356530643534666237663439343537316530
37323031346637383865666637333865373064633362393861336663373937313431396633313639
64303164613637323262306466346239353038333631323061346366333034663836653630383732
62656165633037353230666633383234653238383537666163343838363339613333636435313632
35313264346361623130633334616434383463373261323236316165663934363837666533323061
36643735643665636632333665346663663631333136383734636363393232636231626635663539
30393134653432623236366339613035306435313634323138663838653863663331303231313734
33613932373636613566373765336263383738633164666635643761376565373965353830373866
62613138646364636366323039336536616236316234623031666265326666653566626336303866
38666331353531663631343032336464386562336336666634653732613332396637383863623661
63306538623336323965623339343236633433323637653661326662623831613461393835303038
34613137646338306439373961303232383934326661336138366433616366666633373665316533
31343338373939343931663433613031343562363233366261383562626331343861623337653133
37303930663432643233336464623132646566343039626339313663333839633436393435663533
61393732633562653236303136363362323838353162333532336533633061376466646637303932
39653737653264303464343030663864633137663135333866623465373731303863623066383337
63323063376364326335303637613363393937656364373236316463616236323936376263363737
62363239643664623535626636336236663063383161653632343764643936356431636563323331
38343734376263623264643532383934623634326230386134616336366466643830333430303266
38313734623434333336373861306333313038636137633638323761626632366563626334313337
34383831383730363530303463356633373537636139346137336532373263323664343165323530
63623334313433616337653131643836336161333037393531383835663666343334636363336239
61376134306565323934616434353264313062333035646664353466346536326231363331613565
63613761373136333761363136373665326162386636663233656464613766643634333037343633
39643366613964616361393138316137616232356462373230386464633332616261366161313337
31323432643762333861633635366433633766373936326338396530353263653161646638633436
33373637333562613266316565376563653831393564613763616631383338396265653232623035
35353632383665343662363264336365383330623638323865613937393939623066646366623832
36646263306638393864323333333738643731656632376139653262366538356162306333613966
34623961623663383431326561323931346463626236303966353937306230396365386362363435
64303630616462623635343361646537373637376663643063353565343634333736303233343037
30643330636634303162376532323266386537613332303665376234343663613864333538663730
35623866646335663664613930383734363463643862313932646530366662393462653834373862
36356430343663333231316235663263626135376439363231633036613530636466303538393035
66303031306332356235393534656566353339356562646435376663393232303438616266613839
36356535363730613035396538653962353631393566333163366162376163616333336538646566
34323035356261366661306162666134386163323134353535663932396562353334376436323537
34613537323338623961613963323632656435316134626363626533326565643830343866323266
34646161666439313861633161323361376433353763393832633832353938623562333965306665
32306630353139656439386632633764666138333032643235316537343565323564343665616566
34363935663266613436356435376137653730633666646635643166353830623436623735633265
33393138656264636538393031303737613733656365663733633666663935663935393034393664
66316631616331363530636639346264626666363166313332396331326364306437376338633062
35386636613331626663643033323263343230363062646433623763373638656637313330663734
33326334663965373239666635303562616661646264303335313162376266373338326238363034
34613533643735303438366131666230653733353637323966613831373031663534623132373536
64346432326532656135303737316539396362373762356163616666333632363465643337393436
32343161386533333764333038396163616364353661356232326531666665636339663239356461
62306462393733653464666533333466303035646665626363626262633638643630336130663335
33623365316531626631393535373065316334316236336665366263366335666530353832653133
61383561653964663238653535623861356166666439323533326263393630623635663431323633
32316339363237333666643439313431643164616535333033633932363631366334626232373534
64663238623965663138383137373431626531363361623437646232373265663133303965346537
30393766326566623839383562663039383431353965313131373731656136323232663838326336
66663838333031323363346666363061636462363937626531346630623630323331386661613462
35336338666637363233663230363438383838383764313131363361336436383839613539663365
38306366366666346563393566316133363265383464303464306331313036636631623933633737
36343439343930663963353763616632656464303331376633316265366534386566393832303932
32383532373137363938346137333166343061303730653266303635346334626439646339396135
65303862336430363663623263323261323735373635326265623932613466343962336236646330
32613439663836326636326333653936613561343831353563393062383637303335393931633766
65313763623931663531333934336533373738646461303334336132653031363638656235396131
66323765386634326563336130313237313164393939323331346531656464336162633864356438
38353361393737613432643766373165666530393637316439303232356561343435333032313930
33396531366533656234653737633739636137363330376266643832623834386562393866316539
61363565313966376662383535656239623232306566653261346263646239636465396437313038
61386464396533326231633837343661656237623536666334386366376663346161333835333238
37616439633030356363366635346534653561383064396162306131323532343565373732313036
39303364616537626634363266623736656239343538353937653031616132646136333031346462
38643135653134393935646166346361356533643036303562333434333265646534646263383131
65366239623562666333333331353136376661666566343464386535393530343232663362333761
66613066373637303036656130313038383632343431646530383565656538643365623737653463
35356532636463343133386565643932633964333834643336303238323935633638636538323962
34623033396338633232353362393466313435613634646261646661386365653733383766386333
65323632623238333661643064343535323839386636643430646661656235336664343461323331
33666166613530336533643230373163626535653838386665323734613566366262326363623436
66653365653138356431636462663266623933343762373561346430643764356165313866363266
66643434636666626463643631353462376530323665323866393536333236313861383032653539
63303761343861316537333265353434326261626631646264313438306332626134636330306462
35666663346434346536323835663634636538336433333333326234373830343338353037346264
62646163316336383332626632663535316634323331306464303264633432663237333830386233
62376635303330313935613832646339333437653362303337383935336665623634613864336637
38633133313136666633656138346162613264663132383332356134636131306166663532393036
34303234326365616534306164313365356564623662376364663435656339396530383438383236
62613935353365313638363335333263623931613632336564646139393866396231393434303838
35643965303930313465313536333435356562643933353065663130613466666332356563663664
36616436383835366433353737343739646533363535653161303235313661623734643130643066
30396163363737643736656333636531353430386637376539363762626566616262393539353965
33616638383161363861346135313365666466373638303338366631653965643265663136393033
34383265323361393735363364316631313465653861333230353133633164636538386635393230
32336233343761663035633866626434366237386638666465656263623939643033323061393839
61636531643764303138383433313832623261623866613633616534623236373839616430623939
66333936336361623335303530316230656231626336313838353431623635393264343137376636
64616361336238346531356631383139333736306334626236393637323233393737393238343866
35626438643938613565343732626232356530383836336638326632653431383936306261663865
64366330633138373531356130663333343965383038636630636136633863363666656266623739
35343330343666666363356234353037616336623330643664396462343031393766323362363939
63326434333039323063616132383035326535633966333735386263303332633265353437356631
61313438343762393538316163386232363863616232633366396432353134353332333665373264
64383366316333396462366337303634386361376635353837306565656664613937393561383234
62313936646664363132633132613234313034306566653066636261306231626434626534636238
30356430656233663038346164373431306365663533663831356336623037656233396563306165
38376430646130393931303731393761663464383034633037306234646463306233336666613439
35343439646361333538376462343362666235313763646562633138396232393838303363643163
61316236383438326432333163383238336230306162386634343939336430336538623262313337
38373962366635613938333363633761366263633833373837316137346265323632363465323762
36643234613263303066373030306237343336333632636564666265613462656539633331343732
30643333623531633637383233613033326531393463373566396465623536623065383962646235
32626635393438383138386564646265363866396463373064653064393961336335626334313936
37613431626335306237653733616438373130353062353461613737663033323566303664346163
32633230373637643963376338613839663433303537386232656437366134383666653835316233
65636231653734386166616334306562373161623539383430316536623965623035363234366264
65333562643433306338393637656236383731646263626132633765363264303834393838373638
37313962356235303162616463393864333762643539323830623332393336613835323639646235
61633966353835666332343665643832376132353238636231363934613839343339656332353737
32646332613666623265663232353961626138353763656337353837633334323831343766643162
65643630353337363332346465623561643664613865376665653564613964333065613863613930
64386666343034346533396632633262396262386134376637616636663562373835393738393731
32633666343063353133616534323465303064626537646533393337333331653036396463343439
34623935303831633235356462623934633937313663643334636431643339623662326465363234
36623931396632303534326566663731386634376135336636356435333065343964326165343632
34323934636666376163613331306563343165633532643835353435333238336564663762383530
35316539396566356632343631663065376261646137613735326661333630616634323834343761
34386331303930343332303439303436323732343062323135396636626630363763643465363161
61393137396339623265613734666535663334386463366534666633323261363932623164663133
35386431373236363731346139623765353262623162303939636532323664353138643765386334
64376565376539613537646538336466326664633239326131383461643031313233323036363034
63646232613230626465643133313135336137623735316236306362643032663430326239656364
39376565656463363337376234373836323965373030666239633561313137303537303263633739
61646634643764623632613064613163626138643232313237373766386361393463313639323766
35633039393838396339386534393936376337343065663562653865616330613033396263386365
61636264313339653462336439323461303636656133656534373139346564626263616665346339
31393364666663356336393137623633613238666637356636363435653364363763353132353237
30373535616133303336333437663039333237323863326666613135323633613234343033303161
35373839653664306639613132613265316135326339363765306234346632663065373065373837
33663463646361333238656162336662656138613738653739663931643165313037366665613432
31623763666438663165616134643964333334353532356163336236616335633836326330643064
63613339646264643662616135326661663565316463646461366463343538353338373437623634
38356233653965646438653462633634663235646533666361653932343032643163303165623732
34343534356630613435656162353331363336343932346231376234313466663436633235363733
30326465323535373633666539353432393534613039616239343834633337326433323635653031
39656536316666646666646163343130363836623838623034666166393133373434386239333165
31323033343836616132326261383061633931636438663238363836343634343666313764383038
63643031356461326335363631303430393438373036656332386264383430616638353364346639
32303364316265366562613238363362656333326539633337363663326133623463306366663365
35386337356666653539366339313239633138633539653561343332326237376232346461376532
36353537366462643531613433623135373864633231316362303862633833306336623361353337
34393032643839643134353839383631363437303861303965316434353665616539353634346366
62326439626161376138633637363065313635616631643164626539336236656365323866313232
37363630646339646134396539313733636335343032396461653438666537663730633636326433
61356230333032333636633732616335343534653331323461393039343631626536336336343232
34386666636566326333393538396631383666613331353537616436616532343663343230353937
65616436643362656439363238323133343236626632343763383066393562343066376665306330
63616261343335366264336439356465383534613435613738663137393739333764623636636564
66343230306364656439303666373934653437623964643935666433656436333865653165616238
37393836656330356439323366373238326539336265393633646538653835386231386531333566
63613538626431313032353435353936303664636533316362346436636335326165333063633766
31626264366366313131373839373661393030393538373761656265343732333631393262636631
62656232353434393032383539653332613631346466373733383731336334386136613732393230
34303162383239363032616133323739343836363462393765356133393163656630386434663366
37656566363634613462623637653139616631633830643232376462663465346265663832386565
31303032313261383138613962326339663039326461333166353165336437663032346433376432
37333931323034363761636432353136343031373666623665363738373938346531636432303661
32313763663663386232386533353435656138363932373863356164623637323634303737373033
61343866336362303864633464653336313636616237366362393337316633333635373731326462
32613461616234383732373130383763396131643734363439393762653134323965313934323732
32373038396537396636313039646361646637313763323239396530366433313039336234633636
62643963313733633664643362323832306163643465356232393666393265386134333666643037
36623537333163393836366235613163623230393830393238353732386538306536323466303138
36373935646234336434663437383232616362356339666434336537316635396637623837323332
61656563336431613137366639393337386130666562636430373533356337616130383831663161
66623038373931306336396235343639343561396237643365626236633032393663643032363166
66653239613330623738616630326439663761386262376539646131643638346131616536353037
34383430663235303262386434323530363731306365623236316262323131303065356666643264
39343962653965613661373038373763613433356535386433313631366334353030643331313039
66636437613936363435313636326163356434353662326431356334356634373131643564323030
35666364666135653938373864663261303433373066613265366366643266313962353730363462
38636633343232363430343431313464653762616637346633323462623038626665663938363735
63373939623139633535373534353435363666663261383634623632653464633963363661383839
65386465636634623835343364326337303133313036623236383532303762626133646439333436
31326266623761353134336232663537353865343739313031613265323963643935343665333762
33656238616130323335303965313636333939343761343430623936383363313432313830666562
31333032356434623731396432626264353765653132386435373164393836353036623462633666
62316234316638313633646233326630353261373431646631396330313862313061653132386430
64633264333161373933363738313436643332633937346265333834646233336435386335393630
31363738636466616265336332313738366639346163643836343033646638376366643331633534
62643538346562663531373465396461373130353430643961376133363166373132613163383030
31363437303863663233666239386463633436653736646236623838636262316333643866663963
61313530366436623338373938313532393864313833646236393131613563333563386534613762
39303235613939633535656133626131356333373235343935366232346261346561656363623731
65323032656466376536303933623962333631313362326138636665366663306238376133353061
65633638376432613131346261356561626561626537323165613063356237643466316632393634
33616261643732326164666639303237643932383331376638656635323862666639383362343834
61636532383339626338616138353666343065313363616633323130313533356564343336383837
38653437356363633339643535313463373531313432363038613633313537626634333130313764
63616436666662633838336632323738633938386461376538323035326435656263613734323561
34336337636366363335346133303139653263353734643937666531343033646239346637636565
35353864646462613064383636303037626163373733666365653235383239616133626530346263
32376535373636313639326566386565373566653636363130336266313262663438323530643639
63663563353334666361623561313861376436386566663434383361623762303765373162376230
34656133373536653038313764363739363834613135373561393235303865656136663766663438
33316263636531643966613039363465393338386566333530363335663164306262653338636336
61323435623733306339636330613165383330616465643361353838643338386539353063316138
35363031666563666665316639323035353061656239636434336633323164383432663738666438
62623266636561336638313538333938313739653135396235356263303763356435306265353334
32373933366265613738383930363139613131633433376335646236306262633664373739363334
37306236623931336661336666326166353761393765363635396438633235363263396536323436
36646562643661356665613965356362326533666463313862333834663433313232313234626138
32666539313735666161346239303436316330353539386335343030653265363063383337636134
39663833396436633739336636613338396162343865616364653964363464653437366561313934
61313163616561333338363763323634346136623931383364316536633738366234323762326534
34643530363231383630613030316266636665366438663762363662396264306534633465633361
37353530353261666461613365363465646463316239396339323963373261353361623637353664
62643164333230373665393337666334333133313966656431323732663634626362323632626132
39643535363663326236623962303061656565646565656665346561313865393665306262646435
66346365383232343434633961353563303766396434616336313633336362623161303431393264
64643434356534613630306133306661393339646664346239386366386134323862666664623031
37663066313931643134366666303538373165356435663739303264623232343262343334643635
36613038366630386134653531373237623963376565323566333363643535393032356433336665
66633039383037363137643431373366356566353834323664363636356434643831663638613963
61353664353734313133356633643338313163313763363030303537343463303932373531613263
63653235666563313564333431373962373963353139316564313265306664613466616432306231
36623735373031646465333731656532353039353439623938633336373064633239626661666437
34303162343739623666313432653565353632636664326366643037313830353837656234356461
35383339336132343465326338363630363437626633396533396337343464313335326239623631
38663266663535303364393832383235336335633630333664316433626335366231613636643139
30666662333861343931333565643266386332323431623162343238366532383036623361613965
39343636363039386237613133633532666637316233336538353961643431346335623931653131
38343337356135393232323532633834373635303764356631643464636333323631356265653065
33613566303136306362346562303639376132356364303139326134646534343836323235383762
63363334663936663935643933346531316235666130336265666538636566323239393865636135
36303063363038633266643965396634356532393839363633383362336361636139396665653431
34663162623936636230653433343838393633386239366234303261383930316564623736663731
33343537316138373939653839306432313061663263663161643038306562396365393833366131
38313261323236613331643264383937633664623464666662393539303430313634653036663633
65623838666238353930393363373932313766316238656362383866306235323938376636636431
38653736346363666433643766623137313063643538386664316263633365303430356231323738
36656236653366643665663337353863386364626566363635623461303539653261623436633133
30623834396531663630663930383232636531323934323433333663313862363732346537303039
66356132333637313433303033336232343738353461383536646562393062353531303363333137
32663762383866616661316233366266363866623738343334646639316430666635626436396534
64303766323666616232373066343363303064323862623262343136353737343737363138666635
63656531366237636564353738633766396563323266616263643961386334656539316137343935
62613865666233336265353161626535353861313163373530323733306334393339373635613036
66646537363539393661646639666461653731373362353036653936373231613730336266633734
37386233656263373163326666663365613662333061353361376535643262633231373464663832
65376135326163336461336562633538643061366331343637386532346631663834666332333039
63373236643732353934633534663239623263396364623336623331303135346130646366366139
65323764353133313833306661663230326630333733366561366537333062373536363337313862
35366339366166353736326463343931383434346166373131653439303833326464383962663838
39306262396161366366333563303038626332383737333066306330373561373433336237353639
65623434623133663234653762636261363363623932643932393739323639393861643030353133
38353333386339643138316362653336393566623432393731353931613032313166366533613962
65623430376233333834306630346537396462663964633761633233383539623762616535663661
30313365306565386162653136303363373463396566656434623834363665313961636436333361
64616239353431643534623831353763613734616335393033653935336335646434633764346561
39666365306532616237396664323166613233306332313864656236613662346266356639323838
61653238306234393537616233396133653034633362633734346433643864663436633337623661
30393566363831366662346630653135376263396436366138663064616330626235326438343964
66656530373937306561626365636130303136383332636361363336356531633663336462616666
61336336323864323064343861633163313162643831636233323736303132343236313862616263
63313339623861616430333434323834303034623831313136666632346361373361376239333436
33306233303438626163646662316435346630353231306338656639373832363135643439626365
36336663303638343131626133316633323534353136623936663866373062353133363139643538
65643263646530623263396335333734623465663966343336636665303932383566643130323134
65303032623733393462333764656561326236633132656637646137383464363966303266656138
64333635383435653964393135663162366437306165316333633031363238373439383231306363
61303931373339356335396337336534653538383533386436386462366165633165373433363130
35643164653064616530623337636239356333636365333531653963393136376438336564656632
30306530646662613536613535306438623531366236333531306339336363636661343539386165
66323665396539623061666265656633353036623436333331653835393866356530373834643131
38323863646131663435303230383666626232613139663961633166613438353633623066363831
38306431396535336166303865323065393966376330636262613539376134333737666361383539
64366435663031393163336631626536346132646131333839613334643538356663333939323862
65373936616230323133386336336633313135613061363337396631643034636637313764373134
34663661613866353836663636323964636334646362653232346636613336663266663965353238
37613264636137376331633364306565366536616361303763613666303463373762346137323266
64326133373364383861363530333364643030353730323565616661323762653137376264316532
62643931343563386534316639646433393332373863373432376563643664393733326464623030
62396330613731303034353863643430383563376162366435356536373666643562363736343935
31653730633063613636396231653731656334326465616438666665623462626133666338316666
36363931376134326634616337653462663637396562643637663835326561393135353236386238
32643836366566623536643965353465323236323361346433396165383061393239343839646638
61333766393563626164656538393465343638366566616336366562333137633130653064366561
34376462316133306239393863656531626266343663343566653863376335346232383832656334
63343438363132303233313534303335373564393439316632353739363439356630316663666662
31626266306532363862633036363034643764373536316233376430306365396339343366336464
31323331373262386436343631653136663061353330623436376566383439366434653261333633
65626539343862316564303730643935386432633864363930323031343936306435326565386565
36313333633635313137333962633632383038393535306465353866613564366633636635666462
31613362306165343633633865633436333233633936613661383261326631366561333535646262
39333832323264383133393037623962623265613062666165646431613261336163303861383430
64663630313534323766396238323032623863383536613162653165346331626365363764656239
62313238373037373030326135643531383731633031623565383034313561633831646339313339
65653233656537383836376634353635636462633763346361376465633438666336313732303266
34356164623362353837323464616163353866316230373166646261613730336538383635366534
33313464643561343663393939303932363634666236353931393563643161343138383435333832
38353035396632653533393764383835333065663837343437663036336339323865303238613163
37363833623965393136623064366566663038336533356335313532313834623132303564386534
35363637633033393731336365663435306533613932326665303839656566626138363566393261
30393833386563326466363333636166336433316531373233633532373739613634313132323536
37383935616364653338316562316532363536633833396235666232663665323263313935326637
63396462313731653733313332396634626361626136633134353831653131303831373461363432
66323539643837363033323235333136393934643631333631616339663835643131376266666430
33623866383433386665356437636165386535363366363966623665393938323333373839333932
64303234316564663037393336623736643363663738356337646330373539313236313863343561
30306138623962396363353137353233343339666434336137393632353937616436356637613131
64353563653332306230623166373437343635313533303462376535653838323962623831346231
33353238303933323061333737343133316231306532653537336465613439626563343736646665
30313237366336643733613334383662393561663738336130353531643434373437666238316637
63613365376364393564643161613538313735333330373363663665316138373863633134373166
31373435656539356530303332623264313937386539383334626234623561363334666336376466
39313939616466363331353263366430313037623232346230323637623538353633633864383065
36383433313837366336643238346239393764643562363932346335666632373033623038393536
37613732326632363663343337316539663233373563373039396333396666353837316134656135
39623032396439653636633038306362346562323437343662323062326237316539303462393962
66646434626564333464353032343435326566333635323965353536663738663063303730323630
30313461643733323236396335303263613139366366303736316434653233633863386338363131
32653030623537383463316637666431313038313366613433396666333230633662336165643732
30643839383964353966356337343233626465616536396364616639616130643661346339313935
37316439613538656431373632343535313664376534663831613565636366363338656666666530
33623938303365396336383364363831623665373763663966303864613161376233353364323337
31316565393636353936626133383832363138303338363966336234343533376638346533363036
38613934313063613665383063306134326137623863353533323532633235636461373862653564
62613835663932353039313762353163613331313436333836376130663530373539396232643632
63326366383932653237666433613563343762323766613836393064316566306538393134343566
39303435353836616262313963636363616666353666333164386566363436343939326236373765
62316664326538663461383339653239343066613239626438323734363735613061366339313262
31613261633037666331376539383037353739666236373134643331353365653664653532333538
37656630633462316265373539363765626264343430343064663839303430303863353038323836
62303837363032666233373661343764313933336636313666356136396565306165386562616363
63373862393438663434636162616137303633663030653433326638666666626539313662323765
65386536633538626232613632306433306561643834366331393437373963396633626135373432
36303836643031613839323063363964646634616333356230386161653365633830336439663234
63636233396132386462646161643331373630356439313261616662633263616432653334353961
63353333393234643133323161613434373130666666376230656138353832623139373236353062
38363830643566326433353165623866653764313839303239396439653065303436663663376235
36663964643732646534616563323138643737323962653766373335313561323436623033396466
62383435323439643961383065393830386230633131363130636561306339663764383936313934
32343132633331303631346332316264643233643530326330616165303533363837343438653961
38653266326466333439666362306131393836386565643833306133633638373832316632633866
66303639363762326237316635663037333030313864346463376134613339323630303731353861
36376434343435623830393231386332623032653831326439613238613566396638623462666236
66643661636531623338613437643035646337396233616534346337303036636430653866333532
64623538663337333934653566363938313566623263313138626230303366396538633261323562
34303635303536353033663337323039346530386566396530383435613434393535383237353962
35356565373230633266316334373037613062363136343730396132343261306364336630316362
34336334616464313332373337663830363835303262663064643365643935626466306134633561
35393134336664326134356265633639336533306130383435346466383864633733633530613232
65366165353761646137383134336638316164323439313936313865633361623165646633323732
31343434373038393739326533373930623864623033613138616339366331383237663863613231
61653566383863363663353262343132393861323734616530633930653561303166616538643834
64626663343835383161616230353661363961666132393534386338343235373133313232393666
39386139303736323231393663396262653331363033663034363365373965303130646239653466
32306632386465643063623735306132376438663134356338373331633465663135663131333532
35343763613836303434336533366166663866633731626538306433393334363436363434333635
36663339383530653031313833646134653637386266393839636431303932303438343931666432
30623339323935393161626562373531623963323836333432393165613636323238623664313233
39656632316233613030623232663439313731656130343462623465343564393461613632333636
36653436656136646437613334623430626231376239626663623665383031653635666365633165
38383430333838653436333437663434303437356665656237303333623931613131313237636231
36366136376561343164656266353766366231646261633437646630663530396234343065653237
30363336613531623537373665363539613761356266336331613033663037363363316162336434
39316139666166356636646165613033323464306334363562636233623163646662663235646236
63626338386133393338626334353461373134306432363939303566353338636164623965616464
65313233383332626632383462393666633439376662653065326632663861393732396366363637
35303564646664346633363461643134353863373561396130326638656464626238373532396334
32346662616535313130633336393232623264363763376561393433613462663532643433323039
37313232373664343764373139303333343163353831306361346663646238653539393763623833
66313236303866336233303465303663363433656563393839356334633539626237646533383831
36666230633936373637306331386436666539366238633237336633616133323066613136666562
34653838373033346130356436663136373830613732353733353762633830393730643638386665
64613563653639636535306561613564396366336435613633656164383336306161326562313066
65356564323236663034363463336534383533623733656330396531353564313634613630396234
63366466393361323463383635396239373663393065633666326361663538613737626139623166
38666363366438353033373532363833646462383761396266393032306263653132373134333631
34633733393561643366383961626361653861616363366434313930333438363033666230653635
38333734656562376432346533313538636135333861396162356132326536396661366661383532
30386238373236376637373564663930376138633461633362383064633031336137316561373161
31383332383566666339366234373365343265353264303736316265633362323364613264303130
33633031346238626465636231346366653362613461663238666566336637383233633165366565
30653037653762306165613432323934396339623638333035646634613963643430386132353036
30356261636366323338373431623235336338366531373835303731643635303233623161343832
33653463343265386331623237343964643039633862326638623361383635393365656161326233
33616665633964353134396337306566316330643032386532313939393639646264613535666163
31316337653961316131336363373265356239323439333464653739343466343666363339313766
31316438613339373132363930383865353765313132303637613166353532353039306566313936
31316331333133373937643937343533386630373038366232313762366461643638373062663938
38613634633839313031373133313433343865613062616263323965663938303862316563386137
66383264623334623733326138343135653863346335303366653861613632663565313438346338
30376361393739326535643332313632326261353730313733343036383365346232616230623339
64303431623535373639363530393539373633343031393832313637363234646361306431356363
62383632633365643737323233316366313062636337386163306464343130303932386333343966
30626435653564633266346234316364376464393534323662656163386266613730323061363866
30613164623462326662323737323437373736343863663835396565326339643138623365636430
34663366613235386561366138396534373833346331666137636561373837303336353562656465
38396466396161313861656630653034643662353631313136323331663135363839383833386265
63313730383738343431323361313164383733663235616336333835336136326232383937666665
61303339323730303164353432353965363865626563306236353632323731623964643533353562
64323633303033323739626237376337646631663364373465313765393339623063333730313566
36626164336164623234386437353830326333626463313039326163386434313265353837613765
37633661326664623430316339613961313663356332616138303961656264313337373731653931
33363938356639633366396465663339656331343931656539313665643135333031303233663032
37323730363064646665363763373666633561336634353538316535376531656336376163323762
61343364663135633466393663613235623935623933386132636461386564303035636230653937
30636330656261633265306133313062336435343138346236346232373839356464663761626563
36663639666462663363646235316464653063323265393133316562373835323565646532633235
36353765396331646332663936373465623638623339643039363363383638343564386164613763
35316330643761303836383135663830643863346435643433363765656330336663653765333033
64613966346133333632343165333638353662356335303564333138616466376262386337336431
62396561616334353664303438326665303735353238353461393839663838313836326230643630
31316530366562303232616262363161373032616663343366363531346136306234383639626362
64313136303137363039653162396161303434626362623935663632633038633733333762316432
64313463613264623133363532356637666632333064323538393561386266623332653461346361
32346663303662373461303231363438323030356632623161313133386637653765346234383363
61633038633232306666313232376333366632636434383165373366653538313338373966323164
62313635653836303564356462393334313436333830633734303737336132396433333031393165
38333436313762323735316261666663306333393538363938343139353662363938313735386333
34383564393333666139636332393764393262346637366230383035306236373230346466613834
66633861383936373131643536323030333530323837393735633466336539666131343061653361
33316665663366353336326666626462653538373737393231346532333966633039616236663065
63646161303339643364623937653638633764383637613037663462396433353764323031623332
32383365313335343864306237333465373532363831613464636136326466323635633936343831
31633964623366343764613430373063323462316537363261343631663461666236383639353762
66333962363539353461613936663737343939303632353761363732306265356632633665343139
39333133303637393464333432626562643738343834336332313865346231316231363234346638
30313866323964643638656532626234363662613762353066353664623231633038306364653032
37613832653637393938656237333037383663656439663936383061396633353335633764346334
31626664346238383964643931646162343139393539333035376135316236383336363130393332
33353130363339383034653030323134386636363535646361633066396563663436393538666136
34383530386233656366633133633066656165356236326566306331623364633237643039623334
30613634623863643539333761396632663939373730633139626166313034336164383433633135
33343965623939653361626433336431623361393863623661646161656564326537376530306561
34616632623832373538313137633339633734303630363535633435663163373562393365393338
31306138626437373461663339353635313534333237303266363132323833613066366439326264
62626435386138656563393561616436656532623039306635613232643064306162646363393762
33366432303739366263363230343336386562333662666130353538393138383839333238633964
30303833643337316130363632393166346663313037323136363362366233396234643962616638
66666135316161346661613230656365386633323566396539616366616630376461363965386339
39346238323139613535343633313238386662376536396331326238646436363938646461663035
32343161396537383536383039646138633562343865326133326639646663373738346363386231
33646131636363306136613335363632323632626538663666313963346239653837313831396239
34663865346466316636663339633836626537666264356666366231633730383833306134393065
30623030666235656331666262383832633036346464333764393438613833653639396130633263
61326434636561303866343739353139313263383466326336363565363330363031646463643332
64333266326566316438666330633061623561623265373664386464643231623038323161393664
35666639343166346639306161323362346266313935323161363561323335643361383164356363
64656263646534663734633561383739626439353831373661383439613361313738663139383264
61363237373365353265303762386530303562303531333463326666663161636362333639653438
36343035613831303633313935306233376235396263383938346366336261663436396264366336
66616466663039333765363132663166313765313330653035623934633538656332336262636438
65353261626330353239663930656332393661626631666663663431343865626161346334356266
65333631633964303639616538366234393963363237663062353831343061613234393330356139
32306261373833346263386531653935616465383263393166383365336362383438333538333466
33646363383637623065303730303263363638383763336165306465393165306630653130643233
63353533386332336131626663643337386537366664613865636331616165373637653334643337
31343665316437326531383433346634626538353834656230623032316362613861333736396336
66653439393966623137623038643839306632633339333631343065366262636165303634653161
37633235333534666130366336356639333666663634303664303332386463613336623732363364
63303636363364633134623765346130623464396465616334623533636263353931316262376435
37353564636564306264623663313531656237316136613161353263643939373835303136393437
35316133623838313163663938366434663936653466386663373136373831633564373265326337
61613438333066316666626166386133353634663261333137353563393361376461643738323039
33636465626135313864653532303334656230373234336336303062356565663236383339306361
33326261366338313166313762343934346632386339343030316263636530623865323361623163
33663134396139613936336261323030616135653332646562313838323133653537623739353930
61393032613836376135353661313534323539613361343637633431653863353162303236646264
64323562653233353635626530623061333230376264613865356364316162313835613761313235
33643138336164616339373930623332356634333235376336663337363666376465313431356237
61313833343035396637646232353633623663316233303265663464626365333461363534353365
62666230323162363935643738386239633439656363323036353065353736393232343736303730
34323537356138316562613236666130383235343138383434373861373137353732353336393965
63666462663931323339323334663130366233616166313463666564316631313666346239623664
30303762323033633036306438633938386336626561646133373934343237356239643463633237
63353832303564653534333762613366613539396164653333326465313963343865356465333361
66633233363465333339353536313536393730373238323331363065336464633234353861336230
36303662393737343964653730633361363465356432313530313538363464376232366533663162
37376339626635303631646637373230363439366366613661623365626662653661313761643362
63666564326632613832363064393763613233306535646334366637653837353931623963303134
39616536323466613663623962643761366465636431383666613338613338313761373061666430
38363762636263373339373462383064346266343263303231623434326637383238653934343761
65643735623737326564373938363632663635386461393562396663393564653035646337336232
62303161396336633964376238353962616631376636326232363866386361313361336266613161
39656565373335633230376362333964313234663734326437353466636331656166323738643630
64613563373935636461306232623034663861393534636661343066343134363632656338643366
61643839356465643066306661363433656534363538653261303533646561636234646166323964
62383166616562333164623637643535643163323133356135306335303366356136333735643836
37383737393033613731313433373532373763363539623031613861333566303932313563663237
38313662313664383532303632353030386664346139613765616236626536303137393665306262
61653132333362393966303463343365616464353963336231616135383133396365666538333766
30653761613235306630
