$ANSIBLE_VAULT;1.1;AES256
65383461656232643933663761643933396562323432363836313466363632323365336565626562
3835393136613435656534333836366338323766333665350a626433613438303535326135643162
35346339643465353266366465616364333262613164626130343764376535366132386533383832
3561383563363439630a343063393564386637653430633861373130643063316437316138313130
63376262313564656333303230636562336530323766303766366236613733313135613131303730
33336132623833363962383761316362333662396132356461393830373938346238643938326263
32613732303061356261376235333935613835663437303564323162303338663332346661386365
32313736646266616364643666336237356234326266316537636336356436663437333739383136
65313466303136303566643762393463303131333830386639366562616530656237313735353738
62366339623534653563306634656331386130353536326166616166353861316661633336666366
38366661306162313062366333616332636465613365343236626434323131343937326361353338
39333363343631316165343666663037323533366234613061663138343161626239323137653332
62623562386361396639646631306166623630646339376465353962626363306663343935656532
30316639633030353930656438313531323630373065363734333632636461356561643939343837
30313866313635356439363933396530626132386230323562333032396561633431303031623936
64373836386635303331333963363439396466653334373662393335343733323362643866636633
30643436356337306664333866356565623566323635393566363361326136333330366631646239
31653862393666383337643161366462376665373630383931623930633739646431396539303763
63643030323232336562333430663434336664643939306230353830316663353930633536366537
34366538353232386664343237353231666434356337343036316632616331653137343761393264
64393761623063353337316630316265623234366138653831363665366366303231333963336464
35333031373931323362323931366462396138306531323637356338313335626465666362326663
30623337633533636330316166343837616435366632336632636138636364333132383863663935
62303162383630313837666163323965653462633263363039353232316535353536663437643362
32373434616137643332323833336565316463303465383532353532306435353930303236313432
62336564346565353234666133633732366462373539643335616534646538366635376162353836
61376530303138353035323231643064373435613333373665643139386137363039643930306638
62346634306366396431316334323536613735316431633265616330326466343662613836386431
62316230346662366131653238666665306463316234646238303638396237333861633436663030
31393431363465346333653234616538663139616234316663366432633838653131356262353231
38636463313337353632303463376238396330336237386336363535316130363263633037313561
64646130373536323233316536376238636230356635653430363364663034316630356339636533
30666265386539656366623636303434616137366630396238313363663365653634626662356631
31633866633932666337393832636534666364316561643934616665393332333935366533366437
35306433663264653461646337303566613164393164303232346363326564643430353664343739
65376530636662373863643537356231613639343861613439393830626466613837306633643330
30623664613731336161616664366633666163323533393062343065386362633062383938616533
61663261663366373938323634613635373465313139633063616464356165346230663366366439
38376462396264643239333735623662316564383838633863383934646365343636353464616434
64333936656431636633636661363566346134396233326562386666316135363233386666373435
61633437313865343630306538313332623365343466643435653237373636363532643461653563
31373733623131363130346161353833323837666138383932323135343438313639303763616130
35326236303862306330373539366439646363353361386131313863613066373664636639633766
64376531393131356439653465353765336565623930643265636233613338363238633964356138
39353232376166343563343538376135356139613665366537656232353334643732616363386539
65316665663132363266303539313331663763316630373335613438633334616166356335303833
31363866666531663665356236343435303065643933353365613064393766393237623165393032
30626636643231653236633433646536666663323665663830663837616139353430306437643730
64363935306137623231306535373234643134303961306133363137303266666235656130616563
30393030353032393765396639393664616338643564613262383766373862643563633963613062
33316235373932663236363439396563313338303637366566383533613036616630383130313666
62313161336335396532336461333034333231306465663364616537633134626161373866633830
64633836303831643635646639626139623533636537323166386330383861356632636561626335
34386438343536393663363939636534613663313238376666333931363063333665313837336334
32306265383861393533663934663938313730386562306232643538623964373735353137326666
34393662396239666561353737363830346331633361653966313765656164396462383535333734
62353134303734343363366661623164663834396431393534366338613566383061356563343837
36306563353564343466393830643264316262303239306134653933643466366365636361653636
38353532613062626562323836353630333539353837376537316539393139653436353861316365
63343638666439363734653564666530393833653064333962386434373138373034636664366536
65613736306536343233663536346561366130363431376431623137343233353339663336663461
38313964303531353933363131666637663631653931363634383465336334633364366163336337
61313931323962393133376639393231313964616138626462353363613465316538343464666234
34646461323463356135323032663138383138636334373136613733356561336232306266336666
31303930646561636332363263313730303736393038343364323965323436333164316364613535
37323162376232633637353732653664643566333637363362306664353234343337636130656335
32663139316433663666346361633437326133313030643438396635386265313333633063643762
61376638663631613365646137363363626261303665663262633164373837633764666238393764
36396632393731376635316164633264313530383635663733323934333366393030623562386532
35336538653063633532613161646238643362363263666661323231386263613066616530636333
66383130393165336666323339363865356330353939616435613737366331646634613236313330
30616130646666633763396431373836396337633164396465306464313134613338623732613364
38643862363463396636323363353532363736393066373635623030653965326333663565323630
63663566643738663061376366643335613732626530653164326437623136663964656639323934
62666237383331343634633831626662663437373339306232316231613463326161663535366333
31376438616532303838353232393166333962356334626163656664343934393431353535363661
35393034306263383534383063613061373931653139396534323030323934346436353937396337
64306139393761396566333166653335373539626639323539383162396538373561356531323461
35636339326332663138356535366265306262383636336534366534323364383764663866326435
38306634333766363936626662613633346437633137333933366165643138643830313939386536
62376661633533323530303434623038363431643762353163326231303966636465323064653832
32646363373632323634383332393139613439303966616264333035316633663338663034313663
636230653539363765393639363037333565
