$ANSIBLE_VAULT;1.1;AES256
32633463353436316561633639393831646266316433666134366633633762656235323263383137
3435666639633961356639346366633635666432366639360a386237623365306633356262383836
35353664666661623962386135613665636235353433366137633261396130623165336533616436
3165653564326237370a646230393036393236613661393463623938663138616139663762303839
64613837383533333334663136396130356334633337386561353930333231353535353264646330
30643036356565636636656364666137363665656335306464386632653830333336353431376135
65633836303236313833313135376166306339356565656666616562356231306463643030316234
61633563633265343932313033643935636438323963376563323661353833613131626130386239
30666164613739313131363333653931326362353263333632663361326330336636356339636663
33383834646361316331643561663736646335333434626166323030313935613337343232616162
34393331396433653739303461636161373130323534313133396639363163383166303166333432
30386638333063336565356334313837616432343134383165393961333730356235663164336636
66386163313935343961353534396365303230336666616662663136633531306366663930626664
34353165363239616665666336613335623639363462663332343037653535646333653837326539
34363261366661373938666361363961653238666363313735393730323562333639613761336132
33663839326664626462313339393836303965333036623231646238636232393631346463623231
66336565316463383735623066336665316265623439663636323734663230376434623761333939
32616134646562303762656432306230616662363262393262303265376265663465663664643161
30396236323230656333663065313135353362653464326531346133333830326466396330663434
66636633343462306334326438613864343763373363613433626432376635623034623135353735
37386437346163353538323761393865643638316630623832316166633066346331363962626134
66633939373266383136366663313362376165636265316238353532626237386664613237393434
39326537376439376238353432646439346435383634626337306531643764636237393533346130
32646338643564343338313736343561383230393137393832663533623337363334623534333439
31373338623438373334343531386366313835363666383766323763616164613135323331373931
30666239303839343833323664343634663733396335623939356231666233393463616631616661
32623563323563383333353630613434343133333564613366616134323165346632366532333035
33386333643131333461333334646439303437656235343332386334393762616165356362626636
34636263323462623630303131353632313065383861323033663763636238306230313234653765
63363662333436633834316264313332366361616665356464663663303064306635396331353033
62633062646465353230333734643738646363616234656533336266653037616533383634386533
65653337323666396334643331363161643563643833343563646339336130393239333164656231
32623930346134376637326564636233393334663265323737343565373530396337666533333831
65336130313439333263383732326566633765363865386635613739643937646561653366353632
37623764366130306438666233643736393064303361316363343534613735333435396265393436
35643131616239653261306430323532653565633664333263623066643262613763373635666163
63623039323337353462633164363331393263386135316133346532646661316365333565643163
65346332613764656437633234393130636534393735303235396631313431636330313633356662
61373664656334313138336632646136646237313630666364303932373363326237663332386638
31633132613932326632643266623435363761393932383436363066633439643663346364373661
39626234626461373661316162313236643337326537303930316361316464303039633638396466
31653633666431306130393861396235333433393735646662656533633163326231633036323361
38383336376537666164393633636466373733353632623063666232303438313537373364363735
37396664663966643463623565653134656431343834333433663434663338653239616133303037
66353636623239666562366562656663646430666366646339353438623861613535623332333966
35616537366334386533653961393934366232396131396561323263346464633835616535353236
35303037343836386161386338303632613338653465623637303730616462636232373835623739
30363931616634366165346365363936393735653632323662323730306538303433643834353631
30623565373962383135343562343930366266383732636330656363633935626339643937353664
33343936646366333031393066303932363637333865396139636635323337333432303565343264
37636532303036636332613135336437303134643562313932626434336434316166663332373962
66636366383138366635373136653965313761646537343334623861626430663133663631356135
30383535653865346632386130353636303833653965393563323965343033653264613664616465
62643730316135346635663062303434353362643936316331306330373063623262616434373232
38333965343639323466653761393266313339663139623533366433346530656538336137313332
64326662356136613630653165373565663132643466353638336232613261373364643431373066
65393032643339346361363533633336643632353363343137376537346234393733346562303535
65626161663932646566323764323036656261623135623235323333643733363937363933383861
33326139623933326366633732396238303863313632356333396336613135396164346631643662
30656132333962316438313661663866643966353635353761346365643033633331353137303038
36353231393136363436366561626633626162633830363435363633383236623037383635613030
64643930623461633361363535653165633862346331383933343136616533633262383634643965
32333163316439373466643566643533623532333766396436616438653736356535623637643230
31643866353737343839346462663038346564306330623036323864663231646338623562623666
63636636666335623833386565353131386337323631306466383266373036323732366562366136
36353535626562346432636339306130316163396335626265636564613934366634343533356265
63303531393463386366393133636466373466653338366130663139333631663237646363663434
62323135366134626361613335613030303737313139653033373230646564356539303464376332
31346431343331633037633964336639303931373064333863653261663766656332383366343063
66313766386663373862316663386264636161633132633533346261633637383563653964323862
33313736316331633436653537343330383630396330653861356561376164343434656333623932
34646564333533393230383565313734356366393830316530636132626663396663643764313839
35396365363864616363323431346230613762643936383138306465646662373531353434623836
61633834366130306533636534646639656266393163303631663962316463356133353938373537
38613030303538363863613362336132316131653334316234306131316461363364666461643637
37333637396635393964623066376632323666666436346237383239336630303861623934346432
62626536643634366437323030343161623134363037616237373864613862653730323965323461
36366533653536336263323436636536613938643464653235656335383161313264353237623232
31366535646366306530313534666134326461656564343565633633306465313463643836653961
63343432303036356665643966303432623362343836373538343638326139353237316631363132
30336137633861653564356636383733633234313965353637363437383334633438326438393535
39623638316465633837326436373866306262636364373633633933356263613663663034343130
65633461303639633131623635303836323833343439666433306536623364336534613133383237
37363530376334626232656332343630353563643261323634316465333139326433313931643335
65316437396165353537346464343262373634636639613564633036356561386231613435376131
31303535616165336533386263376463616163353263376666653061353432353037333134633537
32376664633963643030663435333463306237323839376531633264363134306438363261633736
30613163646161646333613766656430386163623465373231376561643633656437316633653966
34656161636630633837373730353235336634376434316337656366363862303338383266323335
33333139653739393066353364663732326239316562303136303730386334343366313838333464
33306439353462396465633233343937316565396537353765656437663337323335646534393530
62313732313430356662343664613465393563306633346462383266386139643535653662386633
63396265383633303632363530373361613935633835373834613764373163353261663263383365
62643665333638333262633839356430636264613738653666366537663564346466623763653736
39333362643962326233373338633731643037633135333266666134626261396137343931616666
36623665363931356665613835393631393539363662663665633836303661373630333737306465
65646262383032316139343738613764313538333035383333656536613134373033646139626434
64616665613732386264333762373037393434656161383966396566353332656663623434633966
31666366643439666634356331343863386534303537393934626564336230343332316439616635
64333938313038636262363165663461346430346631346531313631643161636663373133336262
37313534643035363066643231613134613330326231316138613061653434393234636263633431
37383562313436623436663130343736376463303236303966653662306439663734366439663133
31623661333663313663303036363438346166343834363830323061376666613637663636383538
34626234346137313466336239313565653133326564353230666136616232353438393432643362
36303231633162393430643930343363323535373563386530323664396439333762323838353333
62323532336536613966323638373531346565363033393864666338353730373466326461643762
39386439363737346466323039613166663237653966303364353838646230323031313664643133
36366363336532626233363562393265663964303864653335633630366564393536616161373464
32363864653465373639666333343938323764623832626330623339616238613765333865306432
61613432636239373732336332326366323566663135396465376361653336336330663339306566
38643437656533373036646636313864653031323133626635353764623837303633356531343565
65666339613932376361323366633936383666653539313563343466333561383438336464363935
63636263346135336265663439663063616536316563323838653865663361643138643666386531
32633139353433303538336538613039323432326133353439623966343862343033393638343039
64313233613862326639346462653231373034333665333937613539646331333537303431623938
64336130316431303962306637646233396531663831363631653438333763396436643665656330
38303733643830386337663065353563636139363966326231383930623265326665313962323164
39393238646661623235613331313434303463343035656335313531363266616366613765653337
36353164623765383966376565636535373433653838656239393432383430396465636138366566
30303435396537653036363433616264616130656336613336666439316466653138356461323362
61666361376534323266323332613839663838613133646131613038386439316135633165663533
35613736636135353436613633633135373033303031343434616633373533633434343933313838
65646261666331646138353262666261356435363332353634366565356233326465303961303964
62313931646131323132
