$ANSIBLE_VAULT;1.1;AES256
62383530613034356234646537316637313137366463313731333434323361303363353763613035
3065343964643937636331333636336636626164646461360a363436366361303861663033363964
37633037326435646139613037373633383561363361613566353537643435336533346430633061
3635626137623835650a343865326165316566663736633862636665663036396238643832313765
62623735306439313133363838653733626132323665363331343036313238326231383862396262
32326634306462383931316364333636393266626530643339303932333431393165663635626339
37393834343139333939353134356130326236323633363832623334313861383436376630626566
39643365663334643836323430636430333365646336316464386562386365643632373138623437
38613733373363366634666562376230643034646565613332373037393264616135326135376163
37343961306161363232353435323534373936663732386639626434326361396236363237636539
66326639356263363837353963363765313962336138633633643932306636613563653666616637
39613437303264346131386565613337616662303739366666343266353433323466613865666530
36393232386361613439393466353138643130643461303631393330653561333730613031636335
38343232663532653436333132356637326537373434623539343036613861333464373361396430
64343233326435363130656166313064373830313933323836376336333036363836343132393635
66363265396238623636353336306562346633633765363262616565613765353539326164353164
64353366343139386434643132343639376330373761386132383062623135353562643836376364
38366435653363396365323966646466363264313032663764363865613164623961613861353030
32383733353239643530653162373139656139376536633731623838343239636561383435326561
30373831303431306562323835333164356266363165663237646234646334393366373564643132
39643735363237336538326665363034336265363962303562306235393932356539356566363031
34313236343435356533373136363362623466323830356232643562373864313663346439643864
63303831306461393532636361643763663038356631326438306364663665353934616366633135
62383336646366656334363837356335653365326462353230306261623635313336356264326462
35636661356661653436313037646161343063616163666362393535346634656334343963373537
65353933326330353165336463373361386238636532663332366330613436303034643536356437
62643561623633336565373365633365663437306638313065656139373631646262613736333966
35316466303761333566303335636132623335363133313161313434393261343431353438633565
36336531396130613436316461386264646632366662653531316639303663643830396564373838
32383330643432613966383239383066313764623837373938386363336334613030613636616439
64366632353066336533306639623232333333356633646632643734653162643739396534656264
66326262623834326438356362343230306162393831393239366230386566616663323336353838
38343133396131353836383034626266313166663465336263663239613935326661393737626336
64353137613437313561306331663465376337666462323961303761636437326262636539636533
33333262306139326565323161383936383230326462303365613063396331366533376361356331
37353833363165323264393764396438313031313235353136333935343036303232396235616631
62363430376663383238646631386232393334393232306166646437623062313963353061333939
64626337353030363939393333656431383935353764316331373335373161626236333364666430
66613763656135393633356631613831343136333030656361306538646434356330336132626538
39326361613466646166633039323963383033623230333834636565613937656365663433663066
63323536633933363038653532613138326664343932653330383932653335323866623739613533
64623136643164336236626365633831353135323430646639663934336163333234623436663564
62313832363533356164366230656264663031646538323234323434353536356137666234643633
31306663356438613265633532623634626266313730353364616462646666353535643430353865
65653433336363363735356164666161363939373535356662353036643637663063623733306164
33643039396661623837333064366365643536653833653161623264303330313934613666616266
36636636323064363761393461636132303134336434373437333463373361303262333735376338
65646565343135363138666161386561626239353533623634653939656238373366303939346339
3566
