$ANSIBLE_VAULT;1.1;AES256
62346562383265323130613733366235343663366364613831626262626333663262633263616562
6666613433343330663036326139663130356637636634620a353362396664343161656335393466
37633938643166353238383762663366616338633736653165633739663430333565613537623161
3566363639306232340a376330383131333432323334333437343561383263376338316161616661
62366630343534653334643036383164623231363636346266393837653334303964306330373961
30653934303365333634376662666665663338343832376439353166323738643338363764343338
62666161303065636564383330333235306163376232613238636636616264343562326539386230
65303936623862393431633462303362383063376365613164623431323036396462353439643062
30396134653137316466633165383338613836333635633930393663333631613961373738353565
34356633323331373135396237373537353361633564383636663166646465653361613363323531
36343731333936356166363831646134396263653365353238616466666133633831633166376336
64383035646336623139323061633637303365316665346665616230336533363761346466633337
32323164393833613639326238626439636463623161313936396661323834636235633332383836
35613865306430656262623663396335613865373465653937383662633533613239376339363739
63393139306239333130626133346636643630326330613936316238333564303130333437383031
31393330613866373262333134323230613130316161613332663830326565383332643236363832
39613264646634346461626662396263303237633965363361346535383832313230623134636239
38323138363961376633613939333336376661623132346534613038363438663031326636326463
31613730376630356261616266306363363738303666653062653434643737396130343336626334
38623632633862626636333137343064653330326234366466633765656366373763666666643638
34373730393435353466313762386637616638653039623435366538346336346537373430316434
39313064323665353564656230313831343165356538626534366132343331313930306264306662
32613665366639356365393731323839323762363536306561666339633862616436303838616534
64383464383562353139623230613664663037323031346263613731343532363137616366303735
66396135343837336133666662666566303039646666663732303732643437343462646131653930
62326338323365623437363036363332623234643630393831313538663138393831303464343163
36356639626133396438633336333939363565386430666634313732646637323265386536346562
61343863623061633331396361346432366435656437643735643939363732623165616466303765
36373961313037313133373963653238306435653963363565356665656361376233373665646565
66643163326232303266306333626233636637663733396638656666383065303265383862353163
38653836653466363266383039633534663738383332353133396336653435363966336636383233
62386466353433626131613434393862343462643661333637373535323930343038663765353865
66613631323538393635313630353231396262363765313332636434313862333235323964353437
32383661396431616463663564653534373666323036613864346164346333353361363137653238
35313639663431353435653132383363633238313264376461316431363230613534616333376232
30366138353837393833616336626536646466666162303166313161393539383664356663333965
34363934666561336261646233343731623462623338313864376462333761356262666361396138
36326566616634316635643433313438303238306561366466363462393430366636383762396634
62383766653133376632333464666439643435396333636564353334323232653164323532376537
66383830353138643230326436306663633339313563393864613364383938343730353233386164
65366337623938376362633262633632316466626538346466383764386632323434313563643134
33326661343263623837336535386131363631333339356261336238613162646633646239306261
38376530373233653661376231663338356634353831313234623565336138626433633561366663
36306639653837316461373632353663303237333236373939663737396266336334356239313933
34376631333233623633353431633465376661313737613766363666386266613831353330386233
34343037396638633761663964383565356236353536646632386631346532636432343035343665
62366163333232316434356633363239643339303761376464326634316533356364383761336631
33386538386435616537353839616661313737373534353431326666366531386663633864663263
32336262326566643761653030656135346435323330373265663861316539346533663738363533
61636230363336316663623435333833393335323131303633656136353464373233336334323864
64636237633738313033623036313534333363363661313639323836616561303039636162353162
66353261323233313065383861356431303066363337313361666133323866643836626364643138
38353135633736633438353063353435303665356662646233626166336137633662303634616236
37396131333464313965623061343764373463303065346435326532613862366365313233303535
35383334626639656139626563663935363136323932613066383062613737313535623333623733
31653431353866363663326162613737393538366439323533323463643066643938346561326235
39306666343138303231666163663935363863326630303038306666313532323037653663323562
39356435656132333432333633366663656365333363613439356435663966343830663832633036
30336363643066323133373838346464386131343034323535333562376534303335336162633038
37353832616435623065313332373862386439643764646132343361303738343166326266393131
33356630663930376236303461336235336234373566633361656537653431643734653365353434
33653161306264393566653133333538623138376663666665646133366437653735656134306636
35376562666565623631613934333566326165366236626561626438356562643265313032666137
32303036643664363934633833373134363737323033373561613733326661636632633766666162
62343130643433366631666438623332626565613165363431646266626132343663396465323234
63616461363336643332653832343763343737613231323437623532646532663661356262623732
39316532323537646666663036363334613362666135653032356664333236336562646239613363
32623434313137396464346561396636313637393064336438626465393236376635343533393638
61326439346636333238613232663137313834346366326362616162316363633737656339646134
31343730653164306439666464303361353464383039656663346663633538336436396661616234
66623436376237363763613138656532316661663861353433613636316266386239613439313566
38616663326564366436623636623663346563653762336335333632323861643462613731306665
36383934623738373232623238373330353537626535316635383735316536353964303839633562
65613764653662363539363931653736653362346165663031396563633836653636373737326262
65343661616230643236373063663133366631633065303064656664373834326437656436646331
37373230623435326664376266633163363961393166386139383334363365336366666137363135
30386430343433653561643765613437633630353366383364373939646236323965346665613436
31643762383233326264643566643430313830373934613363333761663137336339363464393634
30326430626637346439626530326632303965333361333738323062356165383738363530376131
31303161313237313939373961343562303734663965363766633330366633623162363961663330
65663864393431363538663466363837653231326165376561663135313761323338316635396330
30393966393233303334376365346638633262353539356565626266343833373462393933616234
61656466613561373830373165346531383861333663623239303239333165653533393338383237
35373133366130396538356435323363323761393739613935306164616262323864663866356335
35663230396162393631343435323939336531366462666165393636633435323838323737316231
63353163373965616534663065663964356637393933613932666637326235333033396162343835
39303363316139356561383333336130383631383138633331313563313064346333336563643334
30633331653735393931373365373236646232383139663162383364383037313233313430323866
65613037386661303836626231636564613365636266383738383963663466326333323965613966
63643361303838656535313636326161396166333863646437343937303464326131653531666233
63333432363462356562353038643365323264326566386138316531666636386434633638313733
35663463376437633733363765363262646230616162343161666338623563643738376431393765
38626536623435656535633237396566303335316361643161393865383336366330346333303037
31636264313233336239303931343638313636376133636261323734316265636231393934363131
62656630313432656231623839383034653734616561373937333435346361343733363934643861
36356437346435333734303835663136356266636535383166386238343035393835653861646238
62386565366633316435613232613262323030313865666238623263396665396566616434663833
64316434396536346530393864363132303132346239663430393964343864336162373032613532
36356462396630633536323266613061386666383231623662653635323939626236303837363364
61326539343933363231666635656139636333656361303739663434356561633936383463336435
32386632646362353230356561326663346432353634626363386437643463393139386231626663
63663733316633653066656562376639373337616433613536616337373966323133336332393333
38653231383036643863653232316264306238346562373438366364386161636137613539343739
35613238353764633635346634396536623232666234313035663361636435356563343562343766
38386565623664333637353163626230346632333065663830393535306430666464363830656664
31636236623663303866333835616235303738303262636331383062663739343133313762373833
33643464333938656236613961616330333930636163633839306661333166633039313863643364
61353133633233326331316561363831333465343730613666666432333431346262313139613030
66663730313062663839386161643738393932653433636565623862386565666433373534333336
66353366636261366537333333343238303733323834336163303732643661396432623065373330
66613865393438323966633134633839353736613162363632613963663938386366633564653261
64303564333639633135336631376434323831316134316362343135386431333463383938346561
66373564623636353534656134633639396336326564353230343665623730373534616666313239
35313464376630353863383831663662653762633934393662613239356335656164366433656536
37623132306662613266666239613834333961363433656234636162396634663236656231373264
38663335343262363731396461656532363033636164663235663031366161663731333939343435
33323635356464626536626264383135363335366237396436343932366236383762333437643930
31336161346631396663363234313366393930363764373839646366366139376132333433396433
66663132656331346661633066363836663434373334626661663737666166626366313839643239
36346666326562653337346539333637623565646332623464653336303139653339333735646233
62616335356231646133626637356361333265313463346436306635643437346466386231656530
64623961363331326666316362346432633838353135343637633632313439343162316563336130
39643734386538396638636635373562663830323564336631633461643262386638336632613036
30643130393035633663353739643837613335336639376237346666643835613634363763666336
37343037343734643938306133393565316466316565646233323631386337643231396265333538
39306461366230326337383164646465613661653330633964393439653366306132663536663961
30613862326337653738666564663037613733626238303765383839636131663932636166646638
39633161653463653135653634316632636334623334303262316564323630376138643037333436
33383337636239623464396538633666386635356439623431313634306563343932616236333037
63613364353132333433643466313036633233653935316231306665336233396664653861666438
65323339373162366362313834636163636462303039373665313939653164333639313431393662
33326635656638373566303166623038363832353065643063343133393966393439656466653736
63396436623662666333333666643062383733326433353832353438303065306633626663646366
37663966356430303637386633306235306531336436303466353062326364626263313639396462
64643861323338653234393033366364366535666633636532393636376461613431353134333061
65623464643539393536323833396632633233393837323336666332303434666466393366393166
64373366373535306534326530643734623661356633306137646230393661333036333134383534
39306662626639346133333438653836623365393739643534363738303732336432386565626566
65633537303566653330636231623661616632623466646162653935363032623365333239373434
30613465386261616337303831666361656332643963313639326266366263393165313832616434
65316431626330393534623230623338373334623732376233303331316161343161643537323063
30393066363430393565653434353733366561613732346539303637643265623764646337646437
31306330336434343365323630366131623435623830656233643766636562386463353238323433
39626566306661323930353961656436653133653966316136383165393963303436653334333566
65623831313462623063383733633133396663326235626230386131303866633638353537316235
63356632333363613031623566363835656464656537316533313736353761376335373239396262
36346332383632346235306232653439346132333435623465646234323531326134316465353531
66656535613033383965316133646263663638366637616336343562353839343436393662393564
35626165653532333064626465366635353738623038343465663930313935633331306433666532
66356632643236613836353833373734343636653261653435646132373666666333333766646464
65323861613066656235303762663034663434636634636632326134666161383830636534333236
35386265346139343039316239633534626637336565323432396361666534353565376565323631
61363932323637623838623161636164316539616530306261613534616535313834373736653063
30623566313233326539396331363566633230326631633264656533386130363536323036656539
65653035306430373764316266643030343338613562383537653566323039646134646533653666
63356263653466663238303639303931323934626664313536666639373462376539623164313461
32323337616663616137343165656664646261363066323432383439326430393939313964393931
36326539666563393635316362323863393038616362376135623261343861633965336463633361
32633164653839306362616364633538303966376533653465336230633264393939393036616563
34363530653834306237323239373433633737323064373532303530636636346236313838376631
33313561386136333031666632613532366139326162633533613839666334633438666535633030
32316137653862633862663833656265373738386262386235396630386130643933616662393561
34613232383231396239353138656562653164616361376364626564346535616333666461356265
62303534333737373132376530353233336339653031373062396437396435323338316164363730
65356332653830643334376162363935356562336665333532386232336434336361623964623266
63396433373934363561613262346433333333323765616337333661353632623262313561333261
31393466323130383762313362333661336633663238323232353663323634313934636635313231
35636163323162396230313962383631666665323830656134336435383237393936346532383065
34613634333238613262336265316131383634666239643133306365323263313261313633646263
66656361653736363166626365633430333036363932326436373532616363396466306365333966
62623632303835313637333362363432633066623938666161653636663338613235333164633332
61376463623366343539616433396461356439343963303732313030323462633633383963353033
34396539656437633862316564313138363937653436613534353865303232663433663261653133
61386561633432666261306334646266396261343831356136303534656137396532343436313961
32616237626433383364633361353362376130363165656664313339643034653764333930663238
35353963653737306233303636623037653430633634666339343230643030336261333533663935
61373364343062643734386434623864333261313437346534396432303264313632346130353066
33313462366336313264636265613262386130333138633331363764383231313433653636333836
35623764646365643662613231616562366464313537653762663061363263626135613365666537
31343535363964343933313935623730626165366530646463663535626562333937366637323439
32356136363665316537326330306633363338323962663331333366373035363137376135656461
61326266636433653230363236633263353935396638636531346566386366666231323663366231
33353835653333383336363862383733353631613263383038353666336462313162313562303430
32646536306430316333646134613138623030653665333066373734636464306637323965643832
62333138343036343439393439363232363333356334303964626564613839303465336435343833
30383732376661343364613232616363376538306239646438353430373965313036666532393534
31376566393734303431613162383239356264633933383338313134613862623334363235366431
34383733386631653837326639636533366362313732386236336139376261366431666437326663
30396134323665666230336666653631343538396463373833623762613763663766633031353636
31333561376362633861643231396334613532656439363763316238326531363630353332626131
30303633616261626561303862616330323239623262313262306464616439373666613861396233
62346662363638623465363131336530646333613136313436626430373330643431313730313234
62633730373733333033323837376131326434366338303333366161376532623165636239393662
61383831313733663937636239636165653331613338653261393738333066383739333561326238
66356363363438333837666231353836613566646333306430336538613333633762626436363362
37313364323261333861346133653632363066643835303736363063616363363939313839303638
62373461373034373632653635336266626664366564393964633963383538336235386364366663
39383130616164343831303661636266333764643639623734373532646532356662623132316637
34616138303064383638386365313837343837323039613538666634386333366661643539623464
36633434633463383632383561383964316566626561663237306132333264306434396664366331
65346562386537323830666165393433363138636566613134313166633238363937643361363665
31356666373361386432386330663431643731373664373634646336623635326366353534656532
64303732393439393735373938633566643633376138633637333130356265333464376238323534
64366339613831313834393465363031636463636132613961323262366636626566326663313862
30396363363165353539636362363830633238316466383833336530383039386139666538636235
63633832643763376164376536306633333937346236376234376232303137663566613663623836
39633032363735656533373238336231393663376365313562373635303563663663383835333837
64626661356339353830343866656630663864386339666131656236306236353138633336396166
38643065343538356532623230636564333735373233346537666535633462616366636631666335
38343631386132616133333232616161386363656339646165646430383238326530363534383339
37626564326135333930666666363261313730656436373839323131333533643266663262656338
65663563376161616338336436343263643538313536653062306339336564306365643333303664
30346334643435633632663665653761363831373664303735653732663865356232396633656561
31393937323337646635313832353866633931333331346331393938613561323031643339393637
38356261646166393062363761613161343235383966396463333061363662306364626135386230
37333734313261393934376538383663343464623634346363623837393262646431383139353731
31363639343163636635643266623738333335613839643965313137336363336135356630643162
37646563376261373139393131346664336261373531386664636461323261326366653966656634
39646132383432363733393034333831656430643162356638376366366638363533663732363864
62646636303730356261343939303839316363353334363139343331376165616562363537333633
37313363666439663263643065643131663966363232643237383932656561396265633665613362
33663234393863373266623065633861343336323539363631386231356435366130343166326638
63383733323966386634616539303831396364396263663135346330396233313565373064633665
61643766653433333035346364633235306532393363613530643234353137366234653331663033
61363135646463656465393132313431643636353531373364393739306233333861356237366633
38383437356330363564626464396534663035616662383031383938653835386162313730616133
39353138643737623863633462343434333335323863633462313832326338356466336133643230
35643162306139663562393533626165323933393334393861356663616637383330313331623532
64336635363836383565633831356231366638623539656639346232623336303666333039386435
66333036313566363564626564326465313033636138653332653935643332613861376563633062
39326661636663663831306130366431353063356566333330386466336335636461343333356162
37373537653639626137643538353132306231663562363065393561373536333537316239373162
35616262616432633538613932363365346134393337653864373135303236353936656530366461
34366433346234316664643162386361363938323164356138353666386334653630626666363034
65343465363736323537363463376362323531303634373437303662623562353338346163653762
39343331343563313064313364623666643835666362353536653561396562636563356638313736
65653763366432323964333962623733303463373838323662316630326565373363633361643031
65636532343265663539383266373432373839323962623635383537396532663635353339626662
31656265383233636636626565303437376430386663653263636236626332313339343762316363
66383535643161386565346565383032323337323161363639623566643133336230613961623363
33633463616665363735363735326463326362616563303164343465616439656238393638386132
33333234616338363838666235306237353133356461376334396465316330366639353539336164
32303965663934636666666433393731396135623766663230346630623836643934373265373432
30336363373864323530626134656437623963303037366164356163323664333266376233643937
61373762653133376134343762396637346638363832633931363261383638613930333038343333
30393335383335363732396233303139343639376239316464623034306630643831383537356666
66356530366130393862373632623461323937643064626535663262336639353630333236643438
64646335393331376438353936326337616666393762366139623364633438653561333137386239
30393736653065646632396164333733643363653161363138363365666234313638323563393566
31653431316233663862653963626533346638346334363737326437646662616531396334346362
31626236326135313761366332306638663937626432633933613465626634323136333863376462
66653732313362383933353934303831373361613566613030626439386663633332383934656233
37333631623564656464353431396336643565613630383336626632653630643234353235653932
63356261383763366138663433653164383766383930303163346463326438623861356639653334
63386333636333626538383164346266316636373066343461646564646432333731343063383032
66383430393062313433636665376565346339303461393233383036313262343130396130613061
64333032376661616439663834626165633532643566666231396439646666663861663830353135
63623665396331303164343438636138653233613436343065613665623964373831653239653465
33356631383334353063333665363934343632633032333435343163393164326637343635626564
63383166353865646138333139623139306232383137356162303739623761356631646165303935
30396634303464373333363938336230626662303463646333646130346133323930643831383938
37326636373665633737353632313232633866383234666661333938623466306631653532343465
34323465333665306335336463373731323861303631613937643134653261653931653638386264
37303336346437666538623635313433663238366366343561393565343239646436643636356462
36383466383562633739346361313238653335386436353861306138663465383630306235613738
64366362666234303362623765626665316238623962653334653534653734306565643736303165
35623639666165626138623138346630393531386336653931303631336664326135386161656261
66393366313364653733336632613937333934303438323462633035323861333331363137353363
64383531666231633366363035396432643339353836386563656334663866633739666335323832
64616634343765303766346637306165626662636231346135316363353131326461653039636135
61383834363931326230323230386130373965353336386531323335376338326535656636616136
33316463663865363861613830623439333931643236303631313031363930636634323036643933
33386564376364386438383036363164636535306139383634356131306131643932336266363232
31633932616366343866653039313637386633393061336431336635376236613936343965363062
65386665623161666530376262663531653631313063616139386663663238356332643366636166
31636530663832646534643262356463333665343636333833636333323566346239623632623065
64616136303234303761306230376331386462643738343766366361373037633566643366306237
65353036373433663434336433653331336364373036336234623965656237323233663030353162
64653731643834366231303063396237326461333363326133353337313536653265653037326131
33383438363562616239653634326462323630303636643037323164333764326563626434346361
33626533343163366661643930353630346264613732366438313632666439333264366361323665
62313937306132306265656161623237383964656562653465633166326365663631393265653966
31623834343939663165356663366535383236306166613336373566316533346461396531316135
61646639303034306662306339656265383636633738373932386663653861353763636263636464
33343637656463616566613662353136316437623735316532636431386362636364343065323835
61376533666465643334643538343764323930643635323862646636373637336632663233656134
63393466323362353532353034623434393030633634353164663061623137326435633037366638
36386637373731646235343864616137323261346462626338643938613735613636623863376166
32666665303030636461663261663533326136366438303334303062643430313536303131343762
61643732626463313031636131643462633761353563653336353636376531303431613236373436
36386564363838303631386134326230626635646231326665323630373636353534386565616534
66633363343334663031376139353034343932373030313565623762653731383230646661333031
35303563623332393839363435313065616363333563333961323564346137613965346632623062
38666536343432613264633239303433336231613435333737323366356461653332333432613564
35333839383733353062343431306364316436306666343862383466396532313630626663636536
36353165373038333164643633633965386164633835313363383235323265633164366666613736
31383539333364333238656134356234333661363234613333323466323662623938333765613938
63383837626234346139383962396431663466373230363634636363323161323530646261376234
33313761663635656333643438386238356261376532623663353136313363636336366131653363
38313062303064613734636432643231636137613666383762386537393132343461323430613230
31363164343937646232366434396134383861386139376364316430386134623363653537366463
30623262393034616138353136353930663465343765336636306636346430313238343537356534
65626266356262646631623264323835346633636137306432336430616236373039366338643633
39303864386635663631333636653232396362343837326134323432343738373538306231356636
30666138343934353366316138373535643531653130303434633464646264343136323530363539
61303332613637653638376437666664303566646337313366636638323436626339353762356233
31303530633030626539653166326166363936633330383734636431616433373136373361363162
65333632633230383330326561323765653565363834636434343336623961626263623863376361
66316536353837613162656461613035653461663639316536336463383966613763396365636535
63386362636461643631666561653261353436333666633434303962393531303930336338323534
66333731653237653866653136623332353938326336326430636362366437303136393563343530
36346536396261303762373938373935643432643339633063613732393938663763623338333234
39636439656331326634306135396539633935613735623237326630613135656338316234373064
65323135643666643563386665653263653630303163393365343564346166326162313764353736
37653763343363323535306339303162343834353665323834653538393430313865363263663030
36656235396537343838393737616538623232333036353939666434663533313063323861393261
65303930633239663934383837633834393339656461303437333935373061643730303831613832
65353333303465613365636166653631336466633639313239383662656532656363663732373466
65393930306361396139353131326163666566313964616433303562613833373330613065343266
64663534656336346338666465383163393332616436386462353337366239383838363939393631
36393137396238323761633238303333373564316439383131316130373335363437313535366563
65336133316562326334643037613835656466376530376631326433633432656134363135643736
36623666653566646563326234613230343135626637383830393563303166306631396638623138
66326231663233326231663932646530396636393036333839346361373733313366656130346139
35356263666364626363326534396235353530663632306433623736623937376136313936616235
66653861383737633866373436633764383732656264613161396663623731303366643136636665
39363438356331393737393639356435646137366435373137653963656631306139613331396365
63326131323031663637666334343135353435626666386538343066626532363162353061623034
36363630356639363635376363366261393562363364346561663635323438633362636539313038
36396237373561383336626263666664653063336564633834656137633437633434626133363861
38656536366230373362636466613831333533623132636131663039656134316332396666663563
39623732393831343466363763363265393034383963313763306166363361316466353761343434
34656332626431663130626662623431363965653964303562646566613838643931326635303438
64643030643166663434333364376533383138363934333437356234323732633263303939393039
62383130353232336565316638346433343964623631376331366639646461326363393933346164
39313461633430396230326662633832336433316333306435323631313132633032313839333631
38323838333732633033333862326563653763613032356266313131353637353034373462326333
34346538356434346364663937663464623864613661373566373562336639643732613531656261
39313936366536323638623834666533616465623832663336393238386433623136346339663466
37373962366463396632326162653862643131663036623136653732326438373863373132386339
32656262613665343262643232363238303463633039353835323936363762646164373938346335
31623461323238646161306565333635393463333132333266393566656133373138386264666631
66633436393339383561373637376237336434646162663265386464656338393532363664626165
62643632346237313764343539323464663434343832386134326433623736646662653864663861
39633666353630373133613366356130393630336263636565303233326239633436313335303835
34343533633131303835333232326630323737313166346439363362343761346232613134663330
64653139393331666535623437316238643939613865343835363635393364323465656637646666
36663963343236633164343936346631383365323463666334636338636332336135346430353530
38333461656338366635363134616639386235393961313863333463636232383132623631623036
66653961646337633830623831373265316638363536633331616435626266326366636263323136
30666664363033646630376434313639356536393964366331323630373036386161633535646265
65313366363265653736363432336364623065663832313330623433653737663036313536366561
37356462346133396239633063353633653764316435653438643439363434313465613734663738
66353537366463636538353134393063313363366566383734353034316538653065383563363032
63343665663331656562616231353839316337323930653537653938356465363361386534653533
32366230393435653735663037383231636339333739643862643963653931666633323937343962
64656439333330626438653133306665353565646636323133393965663561316334663331616434
35313433316562303837366664653032613732356263626665353233656631303131313966326164
66353266343531666138316165613731666337316330613438653433356335303138383736363434
33386664336562393566343864363638353933623636373565626335356164353265643939326636
33653138313662396562363365323534333763356131663863643665613563393665316331323364
36313235616238656133636133336162393931336430346631633130666237303734343536633163
33393536363664623064356630393031383831323132303865643361356232636264383963663538
35666266623965323734353038306163613634646538376234326463393662386639343338626366
34333266343131346432653231306464313332623266346261646138306136646433366338376161
33313761643834366333303034363365643864653530383562613064373133343537656231633237
37306532623637623934366534646135396463323165663435643134343465643037643064386464
66376239363236386164656562646465386139316230626334626637636533343638356362663830
35613335623962613362363661336430383434626238316330376366643639623432633564326138
35663739383161383738373932633365653135343231333135633161303063313366353965333565
31663038313937653162356634356530353233656331356536666333316661653032666331663739
66333133623333633638656430653535383731633731313766323366396663316239646339623532
36623631343830396432623339373965383762313464356666353431313330393139336235636262
62366137653261646134326531636330396638373631623838656139376632386531383337636632
62646634633936356137326434343032333134316139376233333064376230636339323533376263
62373039653964386539353035383635316635663364373563656235646534343932303830386534
33626365623638306530333262646135653361653332633135663163663766303561616238623236
65343134363563343736323739643263376365353362303864613532316534366162626338336633
33306336353565363938343936336162646536316664346538636236313234643730646130376162
34363865636136363937383735396266656665343938626566666130613339333763393261613535
62373936323437363736646437663537663661363438353738333438393066396334363533633539
30343034633965326361323230666361333539386335366162323765333963393733623333373832
32633630353766643435623662643033636564383233323738663532383232316630383630656131
34376138366533656339323566633031373037393265643439303332663737633635623166343631
38613761643034353031326636303466363265363361623965386233636566326138373133623839
33383762306530643937616638353932656137326437303931383063323365356461363436356466
34323531643431613164616633326439356537396563346231323532373634326262386337346366
30613164663964653334366665353138353331663533386439623335376463393932646330366435
62366161653863633130663431366163333932373365306262316161316633393065323633653438
62633161316437346435303038663564383061353066343664633536353930653238656134636431
36363736396130626435343764326634383136323362346235643365656237376265633030636537
33353936666362313562383938323636643065356439653437353537393832623936323632633866
39323735613666376231343837626133376362666438343439376237316338333832663239373861
61666661373131326633306165326536376663316431346565333531366136646162633438386361
32393464363532656466643834303034633633663362323962393137373265343035306336616663
34313234396537623435386236656363316339346533386230316131386239383535313238666137
62616536643261343330333162616632373166353539396433333034333165643162336364656336
31616231303263666664343237386335336263366135376263643332386135303864303734323766
35613062613433336436376532643932356635363133313032343062313730383135356361313938
31326165663131643133353466333062326233333666393365333362393034663136613135333462
65326638623366663361666339633665303166613262663865393938323038653065353431313039
62663131383666326132626433343865303163643035616666323164666637393565653039333739
39623665393032376136616364366138613238663638376466313135393461303662656164643138
36333138653934333930333236363561386562633137666639353763386362623932343530366637
38383332653131613935656532636335366331376164336561396431306239643966613765363765
37646337373535626337623561373466383432383862326261333662623366336638336436636262
33626263323836623735306136346138626161616532633964313866666433393832643262663664
39393736353932383665653735626539633035326565663637616464623234356164616232333032
34313839383437656330643461656335366463643063323734643338353731366364323232393233
66333130313038323635333565326361343435366238326630616332326634356631323233663632
63663162313364373739613536663663336632613431343139376436343761613430346138346536
34663438303638333839366136333832613933653934616532343235333663333039383931326161
39366134313836633466313435303065323961633664363234303430636432393763363563653432
32303131333637353062363631653839626232306563326232303338306632333334363638323066
32303063373730613765353165396338386333653930633366653963616534343532353837343262
32336265376239353164386632653364663363343266613833323032326462616535333462663630
65653937303830396238633338313963636532663437326637616132303134663230383062346361
34616164663466316631656332353162336564393332333832363861356336666136363337316339
35626263366633333031613061353138656239633462356633353939363237613737356662343830
63653931666339623761396638396265396633663763376532363938386635613431353339643564
62623863626463396639343036643931376230303365333334376530663934343963636661386363
63383433666464633034333734363834653538343333643834353365613630353736366162323034
62656433643939366537666561326236323036663236656335326532386137353066613761626139
39656139323930613733643161386462343365303936663236353563316462656135303461613166
66333732653332363661336332353537343262373638366364353437326430393564646334303430
62356335313632343033623931636664633464623061643339666530623763643436663633356334
65333737346365666161333230626630643339616630653536656164313766633634643763653461
36343932346634623363303732376264366666363064353432373033663230383465646264363362
32356638386630353933353832666539643466633332353232346566373136326561626466393064
38643935616334616130373036343230376332663433393965666162343135633764336266343537
66616363333936343635343766333835303566336239333964363837306232373438383565386439
63636661343032653738653632313330616132323635323961346164343135366164356538303631
63343535616434643961363966316133313066333634323534626265303364613733656334313330
66366137393065333830623430326131376132663032346231326564616461383966303432653336
61363837393565373538303232353033616639356563383363393339633839393638353234636130
64333165336130343066633165666161633132366264316663356137326630396136656666303963
39646639353033636162313334313365326230333363386137616361353065373535343530373064
34393937326232646337353263623432323239396566353031313265366132616132313830306437
64356337633032666363656436386465323836353365306232396139353137313834366133316265
30613432313964306639386530313130393931373662656665333362633630306161643964333733
33333239343937636661306437373333313764373061636661656539396161646430383934373066
31313366393762616464663665323030663466633961363630363366303736353965323635356633
31353836616665663962636231363936366131666538626161663231636330336634393031303765
64633665623836383062323838353362383963623133336339623533303432636539623734623138
32396466333435383065633161613837363531636135326538383139663164623839366337623162
30643366633231303134313661343965646565326565386364666666343264323035323339656139
66376261646534663037303863636465646633613166303465333734303535336535663364336432
31333839356331633537333562656263336263336363643636663134363530656437303766616365
39396266366664393465303631646239373038303933613730333437663562376335613463356432
63303634616233666263613064313964316239666337666338623034343366636363323732633935
66613237316539303334613863323030386361666164663137646233346636643335346538353636
35306630373738376537393933303031396631323930666237333637343732326233393239663932
33363935356132326637373933633433316239366232643061636632363562383539373165663834
62343330323632303365316463313266623430623537303863343530653763616664636132616432
38376666313464616132656461336337303539336161383632623038663565356430343035316162
38346265636439303038396463373062353132643336373265366132356134366366386663346132
62393233326438333966643730663837376365616431663039646330386266373634393666626639
32306637316137636465393835343034393934336664636363636334383762656235316332353033
30353865306637346532363461346665613533633339356531376138383531393839666462336531
35376562656461653531373462366561353238336235373661653561363339353936343065323935
36346539323433663037353439383562323639393136363664323231623066336531373436386439
37336263663461353863393236646436316635323765663935386133323063366335643639363763
35613863343065396464336639616563616261373035303632343864396337373763346434376463
65363266666332356165643266333138663462376565613132613361393138376130323861353139
31643061646438626261326133623462383763633565353336313335313966383738366432373137
62336434306230663265623034623266303534643637643237623831646234613033633934306361
30316363306230353832346166383266653933393133616433663632383535346663356630336436
66366365366366323535653731353038396531656231333838386365636330343236366532303065
37396534366534393264613262643333616232616436323230623330313964366564653838333131
37323462623062333139363833613461333733353264343430306337376562343939316666383336
33353462653637396535313761666562363866383838303632393663376466373136363534623239
37386237346163663830316333633530343432396138336633333037366462633435366563393731
61633737623436613033633233326335383164623536323035636536656163643861363962633432
38346261633335656163663565393633303530303461323539613331323333643335646264633039
64376232356132386362313338323161323236323334663932633664313130313162366665353732
37313536363562643834363639656637373361323362386133323731663539666233623435663239
37343064313731653563376539633964396334626637316632656363333435393139613764653066
65613837373464386635656530326133663535343537373561313030643166323934656234386266
30373230343831623661633830366537353933353135633731646434343439326335643438346566
35633536646539323439396236653661306439386534306633663935316532646463336435656461
37653833633738306532663635656335303039636466366231306331393862376539643536613966
61613462393866633933623565323535663261346131323533616236353964373132656430633635
66616637616164626230303434386366616561613562383966373761376337633061333365646338
34326235323037333638303764386364653439353135643861393235303563373962656637313539
64383964623130353362306535303938646261373462326366323931353632303939613539323331
37393135643738623934653866646536323032366330333564303963306332616635653961393562
66666164353865396434636366383737303333316630376535623362303733326462613163303862
36376339323538663736633132326638336363623239393431316266373162353965616632653237
38393239333439656534623666383335303837326139353039636665376137663837346230393336
36323933663465346163633463356535383933616435393661373735326461303537653165633533
64653966376531306235623164666133666239366430346365666633306637366433333533373736
36613564653638643065366239376264653035333839636162386662373061633533616334343131
39303437373664396433626561346466356134656232613534323735373134393336303336616265
36626635303165616436326662373462623133383937613265656434643135623661646330626162
37346239623661396431643866626462633865346136633731613433303364333436366139383932
36343830346566363932633938343237646535326636376164396666613838333436663733373763
31303736356231313031313236643036636538613062626431616135306166313834643230626239
38386639353965646535643333653662333538613831306562393434623931613365383063346664
32613838373035356439383635613737326437663938383863303839343436656464343131653561
33393235613835666234636566393935653536313031383734643232646565646666333735366630
65386264623238623630373433666136386362396231316535623636656364316637306433313663
65663234313130633635333666303661353631636132626137646638363136316433636662363036
38306466363835666161663532396639626566376432633136393331623033626262663135623763
61306333346133396431313033336538316663613139336235663038616531393034383866326434
38393161326165336131643234323835616639383766663134306637346165616162636163623135
35653065663036643064623764633935386361326637363534643562623661663131643266396162
31363831303962323661373937363930303163643335326539306532356265323166613335333435
61363366323064326565333762616238313936386337616562356261393631623537373430303966
61666261336565303339653463323637656233636337636362613739653539356230353739656364
35666337633139303737666136326538636635333833333866396464616363373039396530633463
36323266323062343132613532656635313362623136303638663837623532626433316332303138
31326133386433343730616134383966323531616535663361323065373737363262373330643533
39636463343565373538376533303235646162626561376466383366366139663830633461656430
34366138373939653865636439316263346431653061633964636361656631313630316362663239
63313238343338343436336561303962626363623063623934636564383861343035313039386536
35633763613538623163663863306139303239393230616465383034363331363931373761643437
64653733366464353262383837613632393839616564663965353430303761643531333961613133
62336663333765356631326164343961633139386265336532313137613231373265346633313336
66626536336330363962393034333664616264653731306134386233303566313765333566663739
63396363663864366632663839616534376230303430633239383138316334313137386638663361
63363532323563363666333961393235336333393733373761613737623134323139333366613163
3131623533646463613930346164316662383936353239643236
