$ANSIBLE_VAULT;1.1;AES256
34336138633432333638353831616432333766666362343933356339323362633864623438613765
3431613237626564393532343133636130303237613434310a326633333535376235336162343036
35633237383430383138343437653062356638363733396264643766306137373432666165326262
3734373131393764340a663165323738393165353265623336306464373831343230343763616662
31336337386234396630336235613135353064393137643935623935316338633138363832666164
36633438343636383633656436666465636337336136626665323566656230643134653434353831
66396565396535623331373562653834316538663763393230653766396364373333363331306561
62356639366366383534393536313235643761393662316261393164343561663765626633616231
32326239666565653635653330383237646163656265346637633438353863383638353038313034
64666632653130323330353566323161643836656263386662656534326232376364366337353738
62366639363334363933316366663835663264323030363765366336393562613162366463613631
32313531663530363266346430616266326230366335613365643136366338626162303135366530
61393430326235333764393063633366363131636265666539626335626132303439393436376539
61306331626362373865643733633862643861663835303935643464323531363463363735393830
37393061343761303033613731623664616130376661306564346337656636386135343166353430
35326538646636616462306434393462343731656163653832326131393638333539333761633266
31633563303939643536386639376366656237626532633337643566383161363937643730326336
63346638313137353235643430633939643665653333623265346565376333366362643335353330
66326136346366636331616661373065386432363631303564356363633732353030373232316363
32323163303735636137376134323362663937643138366135626362346236643535313363356661
65303365646131363934356337386664396136306433313362346432636237353564336266323738
30326637346533366437636532313931353138366664353137643665346132303661306534383661
66336564353739666561613631316136323364323561306436303965643436663565636265356439
30326431633430376637626638303930306565303132653335623134653237643536386635323736
39656531636632336334396237616330323462363339346466616436613265653961656535393934
33393131653030663132666536616665636232343566353034303734613232333030613665633338
39386463643566313764383437393839396435363865346463373264383034643139633436303761
33363736613334323935376332366263303731636132386534646364353234323635613131356139
65613138363439333764656138313830386338383730396465333830393531323532343032323739
36303163323662643363666437626361313765376366303836646137643965626137313865386434
39313630396666663933366164356636303637363463383664633061393261653234393138613135
66353362656362656466353865656665653836633136623564326561663836373338663434323938
33656638363532623337306535613462393665626437393464613261366637396634383432653938
34303666353238353033396566656365613133373936663938333731613238326166346133386630
63616235663530393864626136336131643933623733376663396237353035326431653366383839
35376135363763636636623538666239326535363939633763633562663933313736323030383230
38323130623332313562333433336233353232333438373432346137663562326565373132343038
66336161643738663534623164343962326433363239336634666435386565353066363635666366
65656430323361363137383961383630356637646535633261373532613866653738333265323036
33373964643963383763316165373735323030346533633735363430323965636636356433626137
30366239323661313765386630633530636362653765386137326163313238333363366461373565
66396233653134623733386666386233636563616464653230386630383365313363383735653736
373932633764646331646336616266666435
