$ANSIBLE_VAULT;1.1;AES256
39323366383063366462316464346534656631363831376536363538393438333733653465653033
3432636663303331396539613633373163366338643737650a626366336362653763663938626138
39623063653731386638623930343333633039333336383235326664383662343432623061613365
6238353966313161620a653664633931656137663333313135393765363039623863653536333966
30663961336632313533373961393138336437373065303233386135323535656430316132363938
63316537336166646431666534383864663133653636323566383638313533316662653166396630
32333739313633336361323539376665343962373135356336666265363039306431323965643734
65336162656538653533663630623336376563366637323561313764366635646237616530366661
64383737666636666633353133633131323637343065386438326335623164303438303634336164
31626131656363303263616231643134633062613636633833626463663134323861353731356639
31326337386133306266393866636332396435383430353866396163663861373931656631353166
39663035643262383964666136653135333937353666323663633832663434353936356430376335
38343938356431333731343537656530316139666136646438663562303934643039653736353732
35313532626132626135356334333137616137646561656463313761633365633531323437316530
39346664616464363761333761393835333732656362636232333734373963313630336264313336
32353833316231313339653465356164373037366566326338393434313761313264393035363431
38383862353337383362306637373835316363353033363635316332396366393331623231383264
66663834356237653531613233316366646164353034356363363930393231613264386134313866
66646535363335346638646539353230366262666534663039653737316663353862393730363530
64613464396132396164323931373837373330386664343932653430373336303062366565666336
39303366393466333561633532336331643839353634663431323162623737333564363563313961
63333831373635663262306634653234356532666338633265663834393637313736333032383732
62626138356635663264333738323131373637633966333836306233633266666562343130656637
37386530353731643061386263393131313864323534393433376462396133326565353239343037
64313630326163306164363964646262633432633561613333393336363734326437616666303065
66323238653132336566613864623133356563396135303834656663393963376166323261386636
62643736646632626262313039356664386462353865333865373563613664373364626461316564
64633765346531326565663235343061623661333934353939343061646266336338383134353931
63393836393537383234396664306337373464393633616564313332353738653562326232636534
31333864316638313638326434303930653635316633616537666565656238323930353765626261
31303036633666636230386264663238646362386264306662336164633938343431363962363965
34643735633830636531616537376433626464333738623537393566616164663437386432356534
39663461376532316162393431306563323363663662386462643966636466633531616135326332
61393134373930616435373861356232353362313461316332323631343162376434623361346462
33663730396435626635616463356365313830633737343032363833306535363833343439386265
30636462666466623430363633656235383661623038323465656464396263396362393431333866
65333234303332616637353832636666353839613934376332306332663633383764633065656666
36313265656437376139353865643763303739656132323130396132626135393039313064306639
64616262633237346133336230333732326339303034353261656466393162613037633839366431
32313234666263386539316564363566373434373337313537366466393565393632363432376462
66366364366565613339656563393163646431376634626363303936643137313862663037616338
36643435303865633836353266366634336261613530653331373766633136336635633239346262
36393638383030646137393931623163343439373861356333333937643062633364313436646536
32666565316334666266346633323237393638646333393562316339333861623765346532376437
31373166626462656363383137633262636335613561636138393137363763383033306432623834
39353533353730393861396636633436343861653431353337303465396363383134623362656537
35313262333735643163393861343835646338646163306334363261393232656437356630333539
62366665313265326634623961613939393763666233386439633331363532396465343631623161
35666332343932626233333062366432633162393261373437343562363435623861316330353462
35303732653933383737306331303936343166613964643165356131646363356162636635396432
61623930613466306139613031356631636166353337646464633532343365643131353962616165
36666661383230393534666237323666356566343061633761613063343937306462326565393837
39616530376465366333396335316638663061653531643537633165393436353066613964333336
64653038316331376239366238663166663262306263383963343136613338653262303963396134
66343166336561666463353865343432633334343461376462386662643233346130306461353635
64653966333237363161386636613366613032623066623435363439393765373034396633303037
61636663396132633738393733653834356334306532623366373861353337373232616661326461
37366631383163616565653165393837363634633265366230643034633739383236343530326634
61383131303032373938636466396565343035373666653630373730323564303963326263393332
34373733383735623562653366623265623133613534633861616164386632346130393462353732
32663333303136653862323938663061663937663261636536323964346166303963313362616239
31343866393938366434346134666566663964363566333336323930376130623264633061373163
38323439666164356335616335646166613362613866373135343366646261646134326366326163
65326536363032323331323263356335313862393336323935323936346539353833323461303435
62373162376237396630623632303866636265653434336261346333303332346130633365666664
39383932323531643936633230316362636365626533386364643830383239383939303231383964
38333935303365633534333337656638646632336534363435643637316435613565303739323839
66313534333035616533393066363830353865643735326233303332633061363463393234363432
32623431376436323234323233613163663639623033363165613431303334306333616439333966
63346161373762306233636537363333626436353235663233636235313931626134356666616633
64313164353338383062363030653366353130626464386239623330623239383466306364383734
35353737663236343430643763316133623262306262666661383634333466366162393061313061
36663536336131623035656265323864656438313837633365643032323330326563653238353936
39623865643934323730386162313730343339333462656530373934643430306638346130626533
35343964326139616266623931663039613265613139663730393765333132346336643661313633
36303139356536613465373134656262643635313863636663383962353032393962303836636138
30656562346366613732343633303037353661386338323832303739653132303562646237303931
32363431366136663035303461323061613165353863656331656564313734343163396131623132
33303464356636343261363464633863353036396233633361653836346636616535373438616636
66353738633334306661396437643461303537646332623538306239373363316166623635363861
39336139636263366665633062643039383965653431383362396238333239633233623961373531
39393739643537653132376636313839376132643838313431373434313039633635336136306432
61303565656534653833356637303363653232336530343730623964333862363138333033366263
63353164613662313735323138393732383038336131333330323137353564373536326564366230
62386333316337393933356539303663323933623135316164323135643638393235663930366230
62353561396435323732313030366639636465653937313965376533646166303532366131386634
31343366383235616432303762393837306161663462666662653337353938663262366335643261
64383864363565373131363961386130383866613331633737383334646361616164336465623038
34396665363038623337356462326265323734333866326165613334323234323961326239373863
38346434643131366431383338363631663866616236636462313063623534633335326265306331
39316439633730316162373636373538383662303838396139343465613935643730353462323965
61353732633239626566626135666133366564336234366335656564366334633864303864393038
33366133363031626564376133636239383834366566383834623464626334633935336633336365
35323963343236653264373834623962623434346230303839343735666365363265613266626565
61663935376234643031383339613935366263383261636662666638633837336565623230656430
38623364313361393032633462393737373938343836656563333361343334633535353037646330
65626164343461353230363734326531383330366463306632336530633464363965376334653166
36346534663837633238326266383065336465306164646334306132383465373038386239386665
64333038656361323265626137303064343262306132366132653562333963353966313266613166
36353766653465656662393862666333373261393437636639383565393330353230303734386638
61663561396532386265663138346461303533316261393365336438323566623938353064333930
33363339633130373438646666653037316664643037626633636633386637363962353833303636
30333334323965636339613438363561663261316239616330313265393432363437333164363634
64326463623835336634386261323366343634356137316262303239633933393966643264663033
36636530646466316235326165663037626462633063313234626430633534343362613234656639
34376633393538663130376632393839643533323761333333333332323135643361656436616166
61336331626634656633316265353438386436326534326432656261663833656136303361323134
65333036363537656631623361376432383336613164326436353134306339636430656563366335
31613364326234613339333933636334393038353461383365666661323932373966663034326435
39613365653866393035623439623039393635616164613534303733333562623937393165613462
63323536613463376431663037663965326634643661646337393663306363386165366633633563
64623731666231316435666539383430343961643366653231363230366364633238373634313034
30613931646536306636323633373337636465653663363762303864663839616433613733643763
62396433363530313664613763393237656139383261303831656664346330663733323231616234
62303135356435373665313232373638656234396132326164643733356563363862666337653739
61383136346463353966636566386637363062383834636531626161613462666561383330666631
35313361633739306565356566316564383365306331303361353866333862353738333033356130
62656663356431633434653065663638306233386534346439376235643137653165333063643332
63636536386232353938353164656436386532323965616239383664326334643461356266623061
61636136336433313438363061643030613431313831356165613539656334626238323263643836
38646461653330333666313136643336343364393636616334656262313830653033343133313064
31363732653638356534396663616461336563326361353333343666613162393536313435633261
34323539313262613061613466663437323837366332313138656331623262336530663538373735
39376461326130323339656636353666396165306638393736656331333739313038653965316132
65646666653334633162366430346638626261393133336266356237626333636666346563393865
31653565633532653164346466643535613632646337396663646531323936363336656165396537
65386337616437663637633030636464646163663330343737303933626166373561316236633735
38636464386230343236363863613730633437663036313637613964656133353038353337313733
32616339613937316532623761353063643165303630396663656165363134393235303064356532
65373065656137626664303964386238633238303866396138333661346334393161313066326534
63656531326239633238386633636230333736646133316133633631376434613135373233373634
39636461336265306530363565636336616133356665306530616465353335386539643033353632
35643637373437656430323566623137636131633563393936303830313961323363366135386338
38343934626634326461333063343436663631363061313630336165323663333931343334383065
38316536383464363530353532666437663565646432343261636136643430623236353937363839
31666337636562393734323930633461396632633033303536353361653938623363363339376462
35393264616239363665336339396336343065613564643265656234363537323631633265383337
63363839363831326232613530633837323937663237323332633663303232356630393632646336
30306662343730356165623837663834313630646133346361646537346638313638323466366333
39363166396664393561383463343166306230666133306666346235316634613335663836656639
62666535616434623834316163646631313261363239663532383031613238393865656337656139
34643436646639656466613838636539666638303235646562636437323038333136343864323837
62363037626561633365396331643862633631646533663762326438636230323637316639353964
62663964656231316166373766363532623764343234353764653531323464323235366434343538
34366661366335343636333837396439656330316564333136343439343165643734363961396466
39306565383535393930396538363531613237393564663834386364623035643065636338396236
39313061613934383762393032386235346439356661343735646532353936303337623162393035
38306361356466373564663835303862303839356437303635326635626532643133643536346230
32303763306263663738363739336438393965333635313964383032326466363565306234346235
64333265313031613462343663333034346337306664346134643633303237386365356436363862
63363832653337626134336338373362636330353337346263396638356161396339626664633832
66386432373639386630376331363664376166646635633533393234346334616466303062306361
35323330346266316365343236633863653438663062336466613033343734393635343635396664
62383036623935626333396665656265356461333433333039613966373961666439306463333937
66363261616536386261626665303261333037643366343632616239653365343661643165336639
33373939396630386563313630616130666666323533343939326133666562326237356163383437
34343834353736663630333134316531643632633736313333353439613835663966303263336431
31343165376237373832303139313266373565643063316536376534306638626334323162333030
30393264396231366462366164336462363164363465613964313934323539313064333932643232
66653438336537633532363139643230333734373763643139396166336636656431393662346238
65376531383964663636396332643662303439353461636336613166633566636534303433666461
65643030316362336238383535633439613761623961383132623637346138343939356638373535
66343633636531303262613237653434303834653134316436313364656631373733386464323637
39353061376131336266613166616362376264393466313633623739386435613464666265313364
32313264646235343062373033366465646635323235396133303537613163643263666536356132
64356665386630313763626236356336653963653332366365366165313863616235386638303164
61623566643031356537356237363838633261623233346233636437313263313161633734633465
65616639373730396165333664653131373562316433316633666533666639363238646536383136
36613339643338653764386633316434666238643337396361616165383764373038396636303237
61373735363637663834313732336633346661633833343334653933613365313162326331393136
61343733383761323433333763393238646162303761376264666436303661383133323063306564
65323931303735646232336339356462613135313961393034333739343835636131393264646137
32653265626663376234636636366338323833653064383864653164663664613263316437356534
30326131333138343634396631643433386662326166313439613232653939363935633236643332
34653331646434623961363236656334666465393636643832373637356361383237313265666335
39343865326364343539393465633332666265663763366437303834376532333631613738386564
66346662663264363935353233386136663237626432303737623331616133386238396133323530
35323363616638356230343337316665643037333134336438626562363766353463333663643766
39633033636136363962396363613534666636616363386236663966653562303262376166656531
61386264656464386333393534663662353164306232383464386637393731643230373031653564
65633838623536663063613132646635616131366634336161633661383965366461336638353035
31303730663739326631383366356530313135366362626232653738323764646231376263653835
39353162643235303436396237333763653063626536343864313461303736366430353435393039
34306235343863303136343433303531613432666638383639323962313966653639343763663334
30313565643834326432333662393234356536356233356431353037643965653239396365333664
65353335313936313663396236336361383737303737633663346338616663336561383238306262
39626434353233646365666663383062366362353164633337366563613433623035306563393539
34663038323563373666396236353330356631643138396537366561613362383161376131316464
39323033623562333538386465393839313662623635363834386365653636663538663832343536
35663839663931613163623831636534643833393561633061376161626564346462623862376335
39306266643765386432663666643231326238356532336233343532623061303736663761363961
32323264656536613561393530393633396131363763396564363163376439663432623862393237
34356232623565656636346366383663353039383434393461383535386562333636616461313234
36323739393234343466613835313365623533306636386561666666396431613936663933343465
33656234613363336635343136333839653462663738353061333039616232343565363763366461
39373236393462323466626333316231366266383136613334646662343566393133356432363363
65346665393239333738343333326661323332393364663132323062616137613330626439323461
31333937396664346635616338646437326465356334323761626266333737323836666135646234
34303035326237396130376662363136303534306431393539353634666230383466303436393666
37636533653532343066346330323961356337633935333931623731633762643262656530643231
62363630653939623838343433353864386431306337653965353330383537323230626439663736
66353466616530353834323661376364613030653364623335356136653566646565386535383732
65623566323234663431386632396261363830313764333139353339303939376433363435366137
30613333343031373963636463633534616437353339346231376332343536323730306339373865
62393335666434323064623339633162373262353739366431333866353732306536306335303765
39343137303030653837323363613535626262396438393862376665663537326234343065663861
66666632383934643730343432353738323366643630633632396531633836306361656636373131
62613065666363383731333761366432616565366136316636333236313266326530623639313236
65623032303038336363623130333931333438643333663135313962353365323134613433383937
38396564373334653165616465373063643233363363663637343435303332366433326234383361
33376232363738666266626333373061626631333334613739316531323031313339393032336630
35333163663363643439363630396139383336623530646637316162316538663136353738383466
38303138623961613132353463386536636136306530323764343463393265613933373262626130
64326530366265343031326432323839363937343338366238396663333662653738353163396538
63313236383662343139333636633030646463366532383864613837656265323862323932373732
38393038366363656236366339663336616536366337353133346364333232633366323765313036
61633633336563613762356534356232306239613536386163376534356235616238
